0.302069
0.3508
0.624062
0.23732
0.181105
0.378696
-0.797121
-1.12999
0.720186
0.172481
-0.4325
-0.8971
0.4767
-0.490301
0.630627
-0.423651
3.54788
-2.2572
-0.201546
-1.08914
-5.99998
5.98318
-3.53108
1.09526
-0.197048
-5.53915
-1.62314
0.380886
0.60248
0.37438
0.106372
0.369999
-0.85075
-1.36738
0.972892
0.0201048
-0.408184
-0.882964
0.260153
-0.555978
0.728216
-0.602544
3.07834
-1.72293
-0.199043
-1.25855
-5.49952
5.85769
-3.61746
0.561556
0.335466
-5.01612
-1.52415
0.415386
0.572744
0.49266
0.0547812
0.379226
-0.926667
-1.58214
1.22482
-0.135337
-0.407029
-0.852286
0.0640591
-0.621655
0.816335
-0.778404
2.55399
-1.18805
0.232064
-1.7742
-4.97298
5.87839
-3.53664
0.0227933
0.873365
-4.47842
-1.54458
0.451321
0.536961
0.596778
0.0254683
0.388453
-1.0107
-1.77394
1.46374
-0.286578
-0.428811
-0.792334
-0.107163
-0.687331
0.84843
-0.924862
2.21128
-0.668691
0.114794
-1.97095
-4.43852
5.46515
-3.21484
-0.511053
1.4011
-3.96229
-1.56566
0.484935
0.498641
0.692836
0.00729949
0.392208
-1.09234
-1.94558
1.67784
-0.425099
-0.473712
-0.712515
-0.258743
-0.753008
0.758773
-0.905096
2.20375
-0.151346
-0.423356
-1.92954
-3.92516
4.99536
-3.03785
-1.0489
1.86265
-3.51035
-1.59803
0.516939
0.460321
0.782293
0.0168986
0.349858
-1.14905
-2.09508
1.86841
-0.555624
-0.535168
-0.61302
-0.39051
-0.768216
0.741193
-0.905745
2.04277
0.375772
-0.958651
-1.85966
-3.44409
4.6768
-3.21477
-1.43565
2.32414
-3.05371
-1.56674
0.548943
0.414952
0.858739
0.0477889
0.307508
-1.21404
-2.23378
2.06851
-0.693473
-0.596624
-0.513524
-0.499301
-0.831295
0.781995
-1.07304
1.73016
0.910647
-1.13831
-1.5578
-2.91856
4.88793
-3.61568
-1.79808
2.83898
-2.51927
-1.03414
0.58275
0.362288
0.92324
0.107334
0.248448
-1.27902
-2.3562
2.28095
-0.84799
-0.693517
-0.39242
-0.585675
-0.871491
0.836695
-1.2392
1.38724
1.41416
-1.31272
-1.0375
-2.38506
4.98322
-3.64209
-2.27609
2.60228
-1.9981
-0.509916
-6.06512
-3.76204
-1.31334
53.349
23.881
20.8308
-12.6044
-9.0704
4.76038
0.220039
15.625
9.18655
0.136223
65.1212
0.813987
33.7994
-13.4546
-10.6801
21.6923
10.2758
-11.9012
-5.14656
-4.14516
100
19.0631
40.3337
-14.6481
-10.6464
3.42459
-4.5722
21.746
6.42521
0.324195
61.1177
-41.5961
40.0007
-5.55614
-4.87417
27.5878
12.8872
52.8728
18.1457
0.979427
74.9215
-93.0509
53.4954
1.19756
-2.39596
15.3779
1.1388
0.546812
-1.84326
0.523644
100
-24.7977
53.7321
-4.28257
-4.1606
19.0055
8.56661
33.7745
14.79
2.59205
35.6499
-55.4089
31.786
-5.92295
-3.87008
24.2832
13.1119
-41.4344
-17.9555
12.8781
-11.2484
-14.3166
5.67666
42.2134
50
14.0881
5.84129
3.26328
0
-3.6309
0
2.441
187.04
-2.441
0
0
0
0
0
3.4572
1.46428
-3.9694
8.33899e-14
-60.1571
362.518
-66.7241
0
0
0
0
0
-14.417
-1.20048e-13
-18.2237
0
0.528892
333.005
-1.63416
0
0
0
0
0
2.95686
3.62309
-2.95686
7.3626e-16
-80.3852
433.129
-71.2101
-8.88178e-16
0
0
0
0
0.821745
1.42093
-0.324421
0
-120.361
633.251
-111.833
30.1585
0
0
0
0
-1.45594
13.6175
6.22207
0
-2.07399
443.137
2.07399
0
0
0
0
0
-3.30113
3.12592
4.3952
-1.50164e-13
-57.9334
336.637
-59.8894
-1.77636e-15
0
0
0
0
3.48788
107.63
4.07842
7.10543e-15
3.55219
59.6381
-3.55219
2.14356e-14
122.363
349.609
0
0
