2.65636
0.3508
0.624062
0.23732
0.181105
0.378696
-0.797121
-1.12999
0.720186
0.172481
-0.4325
-0.8971
0.4767
-0.490301
0.630627
-0.423651
3.54788
-2.2572
-0.201546
-1.08914
-5.99998
5.98318
-3.53108
1.09526
-0.197048
-5.53915
-1.62314
0.475353
0.499714
0.65636
-0.00889375
0.476317
-1.12378
-1.91531
1.65376
-0.394812
-0.0168723
-0.313913
-0.200433
-0.343068
0.328221
-0.327681
1.10426
-0.470925
0.257249
-0.860815
-1.87812
1.79976
-0.791705
-1.9388
1.53667
-1.78427
0.389574
0.507772
0.441576
0.882511
-0.178544
0.573938
-1.2779
-2.259
1.91609
-0.539606
0.0148255
-0.0770366
0.328935
-0.179427
-0.334797
0.120197
-0.10387
-0.437667
0.255567
0.132592
0.139501
0.691292
-0.381558
0.0835497
0.203114
1.89216
0.472876
0.461918
0.48789
0.792015
-0.240786
0.67092
-1.22215
-2.1003
1.67363
-0.365343
0.329227
0
1.047
0
-0.11622
0.123895
-0.238473
-0.00500409
0.264301
0.897265
0.585235
-0.63893
0.459214
1.85245
0.899559
2.44142
1.99012
0.386112
0.54002
0.713827
-0.392233
0.832034
-1.15363
-1.91835
1.29659
-0.0920753
0.198617
-0.00937368
0.91974
-0.0654867
-0.199764
0.231778
0.942053
-1.00037
0.424566
0.180565
-0.146797
-1.48961
0.963278
-1.12179
-0.0809866
-0.335315
-0.55312
0.310306
0.570885
0.889441
-0.782896
0.99239
-1.09894
-1.97405
0.892585
0.192027
-0.0615678
-0.0569616
0.79248
-0.121598
-0.17403
-0.0522454
0.462775
-1.02947
0.42057
0.144113
-0.484522
-0.541534
0.748664
-0.370726
-0.201558
-0.309336
-0.14783
0.244265
0.548606
1.06971
-1.19765
1.29974
-1.1718
-2.16306
0.692725
0.400631
-0.311673
-0.186079
0.675066
-0.150424
-0.498224
-0.920958
0.795309
-1.09295
1.96041
-0.19203
-0.51163
-0.526671
0.527682
-0.538784
-0.470582
-0.445089
0.0458849
0.20653
0.549874
1.37905
-1.61471
1.38197
-1.1463
-2.3562
0.376271
0.600881
-0.822882
-0.364669
0.506126
-0.133008
0.680308
0.00334318
3.75221
-2.70148
0.0167941
0.365207
2.63989
-3.2172
-4.12123
-4.40976
-0.0818417
-4.37875
0.288047
-36.0433
-13.2265
2.44166
100
44.5668
36.134
-16.2706
-12.1677
19.9581
10.8115
48.4866
17.7227
2.67846
100
-100
71.618
11.5631
0.145295
24.532
6.83026
-9.01996
-2.08267
-0.699253
100
-51.322
36.9629
25.1058
10.2184
27.7056
13.1044
-62.2751
-32.4422
20.9416
100
-17.828
-11.5368
17.4407
7.82904
16.9087
5.07665
-24.8038
-15.7313
-4.04589
99.0858
-3.95308
1.96781
-7.59192
-8.88917
-6.93076
-8.7199
15.4523
-8.71989
47.0098
61.8285
7.4971
29.9355
36.0073
18.6764
38.5733
19.6739
19.0159
7.22886
0.0672384
42.3365
-11.6609
-25.6304
-16.4385
-12.637
-11.2302
-9.57503
6.80731
-70.352
65.9325
-3.49479
9.24262
3.03262
-4.10779
11.0402
33.455
16.0164
-7908.92
38.7857
7895.34
0
752.854
297.345
-752.854
0
0
0
0
0
1204.93
7.03737
-1207.39
-6.18689e-14
-762.065
780.036
489.052
1.42334e-13
0
0
0
0
111.162
0
-111.162
-1.68584e-18
390.254
396.874
-390.254
119.921
0
0
0
0
-248.327
212.258
174.036
0
-577.781
72.4109
722.004
339.655
0
0
0
0
139.636
11.5515
-139.636
25.3772
162.991
168.703
-162.991
203.967
0
0
0
0
-118.333
284.617
217.949
-9.15429e-14
125.442
351.276
-248.388
9.41796e-16
0
0
0
0
159.158
-5.97682e-15
-159.158
3.77243
361.244
6.03314e-14
-432.023
202.224
0
0
0
0
-1106.94
468.602
1306.99
102.961
78.376
7.57484
-78.376
4.7114
98.3673
281.049
0
0
