0.265593
0.3508
0.624062
0.23732
0.181105
0.378696
-0.797121
-1.12999
0.720186
0.172481
-0.4325
-0.8971
0.4767
-0.490301
0.630627
-0.423651
3.54788
-2.2572
-0.201546
-1.08914
-5.99998
5.98318
-3.53108
1.09526
-0.197048
-5.53915
-1.62314
0.374505
0.606732
0.368841
0.0954625
0.378943
-0.843246
-1.34453
0.926491
0.0486505
-0.394456
-0.888064
0.280988
-0.551886
0.641717
-0.485651
3.32055
-2.26315
0.139211
-1.37472
-5.53157
5.5089
-3.27136
0.623149
0.238162
-5.11045
-1.65277
0.399011
0.586584
0.490109
0.0214613
0.383835
-0.895405
-1.53784
1.11268
-0.0670567
-0.381671
-0.868193
0.100069
-0.604867
0.666067
-0.557303
3.06907
-1.80253
0.0145447
-1.36693
-5.07732
5.0417
-2.90002
0.156804
0.575633
-4.69346
-1.34144
0.425394
0.563576
0.606321
-0.0359922
0.376005
-0.946334
-1.71927
1.29002
-0.177075
-0.39217
-0.833696
-0.0681776
-0.65314
0.695946
-0.634461
2.89016
-1.44195
-0.457192
-1.23296
-4.7111
4.64711
-2.89991
-0.276691
0.909358
-4.42665
-1.26481
0.451162
0.539231
0.717107
-0.0826533
0.358664
-0.993117
-1.88581
1.45129
-0.28312
-0.419191
-0.799198
-0.22844
-0.704275
0.670318
-0.619575
2.9178
-1.22953
-0.90479
-1.07541
-4.38936
4.23697
-2.79494
-0.712138
0.882829
-4.22352
-1.65233
0.477785
0.512176
0.82672
-0.115943
0.324407
-1.03518
-2.04745
1.61012
-0.389164
-0.446212
-0.76571
-0.376323
-0.766981
0.698044
-0.635858
2.82031
-0.87727
-0.902975
-1.13283
-4.12377
4.18768
-2.69739
-0.712123
0.81067
-3.8079
-1.65245
0.502677
0.483381
0.934362
-0.14729
0.290233
-1.0773
-2.20278
1.75948
-0.491069
-0.473232
-0.734962
-0.506436
-0.823877
0.731815
-0.701522
2.83687
-0.787034
-0.900766
-1.11016
-4.04704
3.83958
-2.63287
-0.709354
0.801502
-3.33718
-1.18747
0.526391
0.452369
1.042
-0.177164
0.256058
-1.11943
-2.3562
1.90516
-0.590961
-0.516523
-0.703367
-0.618855
-0.854549
0.756983
-0.735341
2.83688
-0.760271
-0.900739
-0.72741
-3.83796
3.86185
-2.57885
-1.14093
0.832936
-2.87346
-0.715822
-6.46413
-0.983223
-2.04321
64.839
5.02521
23.9288
-6.39321
-5.94642
18.4995
7.12589
12.2135
6.52206
0.922109
67.9255
-1.93304
26.5876
-12.4138
-10.347
15.3071
5.64079
17.0606
4.75766
1.08191
55.5478
-26.3361
27.1776
-8.95442
-8.38999
31.3844
16.4994
-7.71083
-5.72324
0.193785
86.9634
0.0897271
24.1715
-6.75937
-5.86044
-2.67879
-6.60475
43.1054
14.8924
3.33748
73.0115
-71.3231
37.0676
-9.69117
-12.319
21.2655
5.2096
6.90448
5.99385
5.08955
67.7515
-20.9888
28.8894
14.9621
5.55227
18.3936
8.46812
23.3781
6.87859
4.14101
23.3045
-74.1013
21.6719
-2.69603
-5.53097
42.8644
24.8175
7.64626
6.1317
4.4922
10.1036
-46.2673
15.8518
22.2773
33.7129
19.0117
7.75965
0.919573
0
-2.13674
0
-24.3538
322.808
-103.219
41.6862
0
0
0
0
-58.9418
8.53724
55.9426
1.66981e-13
-3.85041
331.563
-89.4033
49.529
0
0
0
0
-36.3371
11.091
32.3695
0.242348
-92.8057
362.955
-49.7855
44.449
0
0
0
0
-44.7073
16.6364
44.6567
2.56792
-192.411
271.833
192.363
76.8541
0
0
0
0
-48.4768
16.5128
49.1915
0
-288.254
518.196
75.5424
89.5408
0
0
0
0
41.7898
34.7513
-29.6266
-1.70826e-13
123.936
293.608
-123.936
60.4931
0
0
0
0
106.463
24.0382
-98.0497
-9.71811e-14
-100.142
336.471
-38.7398
60.3177
0
0
0
0
29.9973
24.9623
-21.2602
1.4877e-13
-95.4873
214.874
8.95231
39.5076
55
193.869
0
0
