0.303115
0.3508
0.624062
0.23732
0.181105
0.378696
-0.797121
-1.12999
0.720186
0.172481
-0.4325
-0.8971
0.4767
-0.490301
0.630627
-0.423651
3.54788
-2.2572
-0.201546
-1.08914
-5.99998
5.98318
-3.53108
1.09526
-0.197048
-5.53915
-1.62314
0.37895
0.603981
0.379325
0.0975858
0.370014
-0.846924
-1.3664
0.957733
0.0293421
-0.408381
-0.882244
0.259258
-0.546355
0.656015
-0.478877
3.12025
-1.71782
-0.0284707
-1.14482
-5.45922
5.48556
-3.04359
0.556146
0.343617
-5.0212
-1.29855
0.41008
0.578202
0.509245
0.031423
0.369043
-0.90971
-1.58223
1.18387
-0.110884
-0.407541
-0.845874
0.0645825
-0.602409
0.725114
-0.615979
2.66136
-1.17928
-0.0352694
-1.60212
-4.98306
5.17948
-3.24888
0.0181777
0.88366
-4.5002
-1.30588
0.442931
0.54714
0.623211
-0.0112856
0.368072
-0.979997
-1.77522
1.40126
-0.249253
-0.429693
-0.784595
-0.111454
-0.656051
0.759048
-0.721386
2.30714
-0.661084
-0.120012
-1.77288
-4.45507
4.94318
-3.0101
-0.513155
1.41686
-4.06493
-1.11072
0.476951
0.510136
0.720181
-0.0272104
0.36331
-1.05628
-1.94771
1.61667
-0.389138
-0.473344
-0.703719
-0.266086
-0.701013
0.788654
-0.863946
1.99912
-0.127226
-0.379576
-1.56642
-3.98065
5.1544
-3.25056
-1.01585
1.86822
-3.57035
-0.574272
0.510953
0.469009
0.802464
-0.0109362
0.332806
-1.12433
-2.09794
1.82444
-0.528971
-0.518123
-0.622843
-0.399793
-0.70071
0.784643
-0.960922
1.83774
0.378059
-0.836358
-1.54391
-3.44302
4.71597
-3.13753
-1.04209
1.86808
-3.08634
-0.0695456
0.543787
0.423267
0.879758
0.0284055
0.274503
-1.18267
-2.23848
2.02857
-0.66985
-0.562902
-0.541946
-0.512347
-0.700646
0.768352
-1.05701
1.78564
0.911226
-1.3522
-1.31404
-2.92326
4.71183
-3.50941
-1.09783
1.96349
-2.5976
0.424411
0.577065
0.374194
0.948371
0.0877835
0.195499
-1.23165
-2.3562
2.22951
-0.821686
-0.631814
-0.457036
-0.605585
-0.679149
0.906854
-1.17739
1.45287
1.37878
-1.84042
-0.851066
-2.39635
4.18428
-3.41467
-1.60525
1.79094
-2.09739
0.962103
18.456
10.1226
1.50576
64.829
5.86976
34.7686
-13.6794
-11.4726
22.3222
11.0155
19.0067
7.97512
-0.325212
72.4301
-7.98834
40.7881
-10.2105
-9.11676
22.2451
9.05736
-2.04073
-0.787486
-1.84084
81.2541
8.11305
26.8507
-14.5921
-10.4304
6.94855
-0.764302
35.4311
14.0423
1.04454
72.0942
-58.8226
35.2083
-4.69842
-5.42062
28.6218
13.2623
2.72455
0.525605
-0.241141
59.8343
-8.25244
27.2221
-14.1023
-9.55766
20.2025
10.5645
45.4222
15.1279
1.85744
65.3299
-99.9968
50.6967
15.5497
3.00954
30.6383
14.8387
5.28138
0.243591
2.9332
35.0715
-27.6745
14.5526
-7.7129
-3.92427
22.71
13.3891
-44.479
-19.7047
18.7507
34.757
-19.2596
18.0611
34.0781
43.5404
11.2935
4.17985
-0.927517
3.647
-0.359774
0
-67.1631
409.051
-80.3276
12.3509
0
0
0
0
-0.38413
1.16652
-0.00797144
2.52197e-13
-85.7582
453.517
-72.9727
0
0
0
0
0
1.76469
0.419752
-1.76175
-6.31003e-14
-5.20812
271.415
5.20812
39.1341
0
0
0
0
0.136832
-9.13214e-17
-0.123211
-2.56852e-13
-104.029
481.251
-94.8599
87.0036
0
0
0
0
3.67571
0
3.44371
5.16988e-26
-3.95802
243.272
3.95801
6.17258
0
0
0
0
0.90028
9.96844
2.58872
-2.2439e-18
-116.707
592.084
-103.79
37.9079
0
0
0
0
1.66033
21.1588
1.51602
2.79286
0.23229
164.105
-0.232171
42.6783
0
0
0
0
25.9371
135.243
26.383
14.2434
40.0917
153.211
36.8197
70.0572
113.984
325.669
0
0
