0.31703
0.3508
0.624062
0.23732
0.181105
0.378696
-0.797121
-1.12999
0.720186
0.172481
-0.4325
-0.8971
0.4767
-0.490301
0.630627
-0.423651
3.54788
-2.2572
-0.201546
-1.08914
-5.99998
5.98318
-3.53108
1.09526
-0.197048
-5.53915
-1.62314
0.382587
0.600179
0.374617
0.104344
0.382226
-0.861187
-1.37609
0.991164
0.0103045
-0.40847
-0.887186
0.227167
-0.53885
0.74835
-0.635883
2.99388
-1.69488
0.0777947
-1.63891
-5.43386
5.86518
-3.5808
0.530579
0.218989
-5.50973
-1.07207
0.418751
0.568406
0.496401
0.0529851
0.39234
-0.941726
-1.59749
1.25207
-0.150983
-0.409985
-0.85651
-0.0223659
-0.562412
0.811332
-0.82015
2.51951
-1.13399
0.222948
-1.77813
-4.88864
5.43056
-3.51509
-0.0334518
0.622569
-5.5098
-0.520339
0.455497
0.531258
0.605538
0.0240006
0.39602
-1.02556
-1.79421
1.493
-0.304328
-0.437029
-0.802787
-0.263682
-0.560825
0.743088
-0.820139
2.30333
-0.582592
0.0808766
-1.85074
-4.34343
4.98812
-3.07435
-0.597148
1.18637
-5.32812
0.034947
0.489152
0.49117
0.701641
0.0083891
0.399361
-1.10939
-1.96736
1.70929
-0.443566
-0.468864
-0.72365
-0.495318
-0.533861
0.744092
-0.885093
1.99362
-0.0232956
-0.316136
-2.04548
-3.82317
4.77548
-3.41416
-0.702895
1.7475
-5.11412
0.595166
0.522853
0.446966
0.779663
0.0326113
0.369062
-1.18134
-2.11493
1.91934
-0.58407
-0.500698
-0.618928
-0.726954
-0.484203
0.752295
-0.986564
1.7227
0.534838
-0.706402
-1.73198
-3.25831
4.63528
-3.10213
-0.235348
2.31244
-5.11414
1.15631
0.555771
0.396645
0.852207
0.0823991
0.31196
-1.24657
-2.25518
2.13216
-0.729192
-0.51136
-0.486016
-0.957722
-0.407541
0.726833
-1.1111
1.60171
1.09933
-1.26075
-1.17985
-2.71483
4.89306
-3.20432
-0.251272
2.87733
-5.09501
1.6925
0.588689
0.344746
0.905992
0.157827
0.236181
-1.3
-2.3562
2.33589
-0.885678
-0.545919
-0.370458
-1.18849
-0.33088
0.793812
-1.30321
1.18748
1.66546
-1.72712
-0.616318
-2.1678
4.49815
-3.67172
-0.762962
2.55222
-4.67223
2.24092
11.095
7.66986
-0.18013
48.0827
12.6523
24.544
-13.9316
-10.6986
19.2623
11.0841
-0.907261
-0.0327592
-1.66604
78.9652
23.0245
29.9226
-19.4538
-14.7359
-10.8894
-7.15249
25.9497
12.842
1.73201
60.9028
-25.4029
38.1877
-10.3322
-8.31966
25.5959
11.8833
40.9758
12.9963
-0.779155
96.5238
-70.8
63.8292
-0.441459
-3.63855
15.2119
5.23495
-2.13115
-0.932421
-1.14623
74.523
-13.4168
37.4978
9.88593
4.02367
15.7143
7.609
46.8039
16.063
1.3268
78.3866
-94.0072
62.0727
34.1098
16.7655
-3.07616
-2.94874
10.0261
2.41568
-0.0181719
49.6342
-25.1632
29.1022
-9.2464
-5.5925
18.8028
11.2698
12.5617
2.97597
-0.624242
-5.96652
-55.9338
16.9517
27.1904
36.7101
-2.78523
-0.902645
2309.5
0
-2309.5
0
-408.75
255.063
319.478
1.5863e-13
0
0
0
0
-2495.52
0
2495.8
8.12397e-21
9.21658
264.066
-9.21658
0
0
0
0
0
-560.296
0
560.296
-2.24778e-13
-757.94
417.504
611.813
-9.46295e-22
0
0
0
0
-169.334
0
169.334
0
370.328
696.444
-614.083
0
0
0
0
0
-3.43689
0
3.43693
0
122.027
320.711
-122.027
-1.79412e-13
0
0
0
0
-135.824
0
135.824
0
-195.221
640.931
-29.105
0
0
0
0
0
-48.7798
0
48.7807
0
619.478
246.632
-619.478
0
0
0
0
0
-20.1888
0
20.1888
0
-190.274
219.536
113.436
0
131.741
376.402
0
0
