0.300287
0.3508
0.624062
0.23732
0.181105
0.378696
-0.797121
-1.12999
0.720186
0.172481
-0.4325
-0.8971
0.4767
-0.490301
0.630627
-0.423651
3.54788
-2.2572
-0.201546
-1.08914
-5.99998
5.98318
-3.53108
1.09526
-0.197048
-5.53915
-1.62314
0.38071
0.602601
0.373339
0.107055
0.37005
-0.850443
-1.36574
0.971394
0.0210041
-0.408449
-0.882596
0.262072
-0.553025
0.734236
-0.558405
3.01474
-1.72617
-0.203347
-1.47823
-5.48731
5.74479
-3.53102
0.560626
0.338134
-5.00318
-1.46218
0.414152
0.575139
0.496859
0.055542
0.361455
-0.913856
-1.57827
1.20893
-0.127523
-0.40736
-0.844981
0.0701757
-0.608463
0.815183
-0.716522
2.54691
-1.20075
-0.200362
-1.91424
-4.95434
5.41645
-3.46231
0.0253411
0.868944
-4.48205
-1.29236
0.449401
0.540815
0.602159
0.0269934
0.361883
-0.991035
-1.76789
1.44129
-0.275563
-0.42911
-0.78477
-0.099382
-0.641066
0.825054
-0.853121
2.22204
-0.665419
0.00949487
-1.79883
-4.42014
5.20544
-3.33329
-0.507103
1.40365
-3.9525
-0.759839
0.484097
0.502001
0.693416
0.0213803
0.353418
-1.06821
-1.93507
1.65992
-0.418545
-0.473838
-0.701512
-0.246182
-0.673661
0.787702
-0.923808
2.04579
-0.130746
-0.316567
-1.64075
-3.89696
5.07758
-3.33292
-1.04274
1.94039
-3.42197
-0.232368
0.518451
0.459049
0.779186
0.0387215
0.316903
-1.13054
-2.08922
1.87061
-0.560572
-0.539649
-0.595353
-0.37018
-0.683531
0.73992
-1.00098
1.9576
0.404367
-0.852253
-1.57728
-3.37665
5.04227
-3.23684
-1.53217
2.47364
-2.88925
0.299791
0.550193
0.412341
0.860398
0.0758632
0.257465
-1.19373
-2.23408
2.07311
-0.699431
-0.60546
-0.47128
-0.494099
-0.670674
0.701258
-1.10411
1.8931
0.939423
-1.38657
-1.13046
-2.84674
4.72025
-3.10895
-1.53083
3.00746
-2.35883
0.835809
0.580274
0.361735
0.928988
0.138178
0.175095
-1.24226
-2.3562
2.2742
-0.846984
-0.671272
-0.342222
-0.595295
-0.634823
0.742311
-1.23699
1.59882
1.45282
-1.92115
-1.11136
-2.31214
4.39569
-3.4393
-1.53155
2.74107
-1.83098
1.17061
15.0597
9.49748
0.367244
58.5025
10.8486
31.6357
-14.4038
-11.5911
21.57
11.5995
-21.1945
-12.7851
-3.58172
99.2448
26.6864
32.5262
-15.9357
-11.6111
8.50982
0.127843
23.8943
12.5311
0.819137
55.6885
-19.4459
34.2475
-10.9619
-8.5644
25.3962
12.4967
29.2906
12.0961
1.58209
57.5728
-43.9911
38.9271
-6.68879
-5.82013
28.8165
14.1795
29.486
8.89859
-0.377617
65.7683
-60.0828
47.3706
-3.27054
-3.70241
31.0176
15.5259
30.3415
9.78356
0.935233
41.1321
-64.2919
36.3542
0.199402
-0.639776
29.9247
16.067
32.2512
10.4315
0.913006
35.8651
-84.379
39.392
27.7443
14.7873
29.5771
15.762
-22.0843
-13.8226
-0.636051
-3.05333
-25.2925
5.26145
30.558
34.2864
8.98732
1.57915
-0.0629894
0.000182393
0.06298
0
-61.5685
343.825
-58.7702
0.000170393
0
0
0
0
-3.0281
8.88659
-3.25394
9.10562
1.60438
307.943
-1.60484
29.2882
0
0
0
0
-0.15495
1.10762e-16
0.15495
0
-70.8703
367.614
-57.7944
0.000510042
0
0
0
0
-0.0198931
6.69709e-05
1.00205
0.000509239
-73.0713
438.369
-80.3575
0.00045307
0
0
0
0
-0.980864
0.874732
2.22153
1.63112e-13
-94.8127
501.628
-80.7572
0.00036779
0
0
0
0
-1.1617
2.35133
1.98467
0
-66.868
396.439
-71.854
0.000207523
0
0
0
0
0.0719847
1.4012
0.418331
1.10694e-16
-77.8008
434.7
-74.3443
-5.00955e-16
0
0
0
0
0.0622063
28.961
-0.0622063
8.89655
0.59166
88.0709
-0.59166
21.7096
106.973
305.638
0
0
