0.308752
0.3508
0.624062
0.23732
0.181105
0.378696
-0.797121
-1.12999
0.720186
0.172481
-0.4325
-0.8971
0.4767
-0.490301
0.630627
-0.423651
3.54788
-2.2572
-0.201546
-1.08914
-5.99998
5.98318
-3.53108
1.09526
-0.197048
-5.53915
-1.62314
0.381518
0.601734
0.374906
0.105803
0.373081
-0.85379
-1.37058
0.97894
0.0167336
-0.408377
-0.881537
0.232382
-0.543753
0.722992
-0.569723
3.03514
-1.70725
-0.0864488
-1.37444
-5.4547
5.6503
-3.5099
0.546908
0.352852
-5.53914
-1.21216
0.416239
0.572191
0.49683
0.0545042
0.374624
-0.925958
-1.58691
1.22816
-0.13808
-0.408517
-0.841691
-0.0119356
-0.572921
0.808959
-0.75552
2.51245
-1.16303
0.0350087
-1.63616
-4.90461
5.344
-3.50992
-0.00318334
0.900871
-5.54023
-0.661613
0.451921
0.537796
0.607127
0.026104
0.366006
-0.999237
-1.77968
1.45896
-0.286412
-0.432908
-0.777942
-0.256281
-0.601131
0.792544
-0.817029
2.2095
-0.643853
-0.363528
-2.02604
-4.37044
4.91834
-3.24402
-0.553009
1.44531
-5.809
-0.639923
0.486879
0.498839
0.704578
0.0185161
0.349967
-1.07306
-1.95173
1.67665
-0.429498
-0.470242
-0.690148
-0.498946
-0.629328
0.802985
-0.929728
1.90142
-0.0940715
-0.520996
-1.66645
-3.90075
4.96273
-3.24395
-0.846376
1.99045
-5.50167
-0.639618
0.521466
0.453994
0.787925
0.038387
0.320254
-1.14657
-2.10651
1.89272
-0.57414
-0.507576
-0.601761
-0.741612
-0.638198
0.788079
-1.01667
1.72506
0.450558
-0.673774
-1.66645
-3.35462
4.75743
-3.27929
-0.583708
2.00384
-5.50167
-0.190207
0.55467
0.402494
0.862017
0.0825141
0.274424
-1.21896
-2.25183
2.11141
-0.721599
-0.533327
-0.513374
-0.984278
-0.646586
0.752823
-1.16763
1.67984
1.0005
-1.0555
-1.64113
-2.81562
5.15073
-3.64663
-0.583696
2.00383
-5.48083
0.239905
0.587875
0.350038
0.917539
0.150756
0.210647
-1.27894
-2.3562
2.31808
-0.87942
-0.579355
-0.420672
-1.22602
-0.636017
0.830216
-1.18927
1.25878
1.54723
-1.44603
-1.09171
-2.36624
4.68552
-3.26167
-1.0434
2.10165
-5.42425
0.748806
-18.3824
-9.52113
0.422369
100
43.2144
35.6088
-15.4545
-11.9479
-16.3346
-11.0823
18.4862
10.8332
1.12035
51.3505
-4.0149
29.3575
-12.7061
-9.81083
23.1909
11.8506
-5.21703
-3.37909
-2.29682
100
14.0997
36.4523
-14.7873
-10.9612
-10.8304
-8.41012
38.7467
12.742
0.316077
96.638
-53.4955
60.1321
-1.32231
-3.58256
1.79028
-7.32753
4.97704
4.25233
1.29769
71.7531
-11.186
35.7761
-0.880257
-1.80981
15.8256
6.83663
55.8842
18.3024
-0.0952132
82.9166
-100
64.0913
19.9624
4.73652
-2.58291
-4.32159
8.45705
3.54058
0.581601
25.7431
-10.6067
14.7043
-10.948
-5.55559
18.6505
10.4948
-28.9915
-18.0456
7.97211
88.7877
-6.1627
57.0224
-55.33
6.26797
-35.3046
-21.436
146.233
31.8368
-157.376
0
-79.0517
309.543
79.0517
0
0
0
0
0
172.395
-3.46945e-18
-172.396
0
95.987
317.179
-207
1.81028e-13
0
0
0
0
287.487
1.42231
-287.984
1.7496e-22
91.5781
333.081
-91.5781
21.3888
0
0
0
0
527.928
0
-527.929
0
-67.8828
632.958
-153.652
2.22045e-16
0
0
0
0
118.193
4.63834
-119.762
0
-30.1087
302.884
30.1087
-1.42109e-14
0
0
0
0
3.79743
0
-3.91036
0
-92.1913
680.319
-145.921
0
0
0
0
0
-1.26513
0.0274624
1.2626
0
46.1876
114.8
-46.1876
0
0
0
0
0
-47.6153
103.805
11.2836
-8.07643e-14
70.4477
381.854
67.9647
13.6103
-18.6003
682.176
0
0
