0.260613
0.3508
0.624062
0.23732
0.181105
0.378696
-0.797121
-1.12999
0.720186
0.172481
-0.4325
-0.8971
0.4767
-0.490301
0.630627
-0.423651
3.54788
-2.2572
-0.201546
-1.08914
-5.99998
5.98318
-3.53108
1.09526
-0.197048
-5.53915
-1.62314
0.375359
0.60536
0.36493
0.0970686
0.388303
-0.850302
-1.34635
0.937893
0.0435269
-0.391723
-0.888261
0.287515
-0.550731
0.605649
-0.425726
3.40723
-2.25658
0.259119
-1.42649
-5.64651
5.84693
-3.41081
0.639012
0.252548
-5.07809
-1.61816
0.401917
0.582974
0.481826
0.0297023
0.398238
-0.909766
-1.54164
1.13908
-0.0792596
-0.385151
-0.881155
0.111626
-0.594952
0.689982
-0.528511
3.04964
-1.80253
0.255151
-1.65115
-5.19648
5.40315
-3.20415
0.174573
0.709469
-4.61434
-1.17529
0.428898
0.557654
0.588428
-0.0237251
0.408173
-0.972876
-1.71829
1.32532
-0.195459
-0.3956
-0.838645
-0.0432768
-0.622173
0.725384
-0.554408
2.81806
-1.42279
0.242463
-1.68608
-4.74082
4.97742
-2.9916
-0.28338
1.16443
-4.15517
-0.716673
0.455595
0.529541
0.693503
-0.0730125
0.418107
-1.03757
-1.88776
1.50089
-0.30663
-0.4233
-0.779038
-0.181069
-0.632339
0.738204
-0.597177
2.7382
-1.11721
0.238586
-1.72518
-4.54908
4.71303
-2.7722
-0.747515
1.62628
-3.69445
-0.257671
0.480778
0.499945
0.796828
-0.115169
0.419574
-1.10225
-2.04961
1.66324
-0.410455
-0.458138
-0.719431
-0.301719
-0.639657
0.734031
-0.604604
2.88371
-1.11628
-0.192458
-1.71939
-4.34526
4.27084
-2.79062
-0.943193
1.62661
-3.23321
0.206152
0.50659
0.470307
0.911505
-0.157325
0.397064
-1.15124
-2.21139
1.81417
-0.51428
-0.492976
-0.659824
-0.405159
-0.615433
0.769119
-0.529259
3.07623
-1.11435
-0.64929
-1.29291
-3.88532
3.86942
-2.79026
-0.748762
1.49243
-2.76987
0.668294
0.529404
0.441627
1.01742
-0.19562
0.374554
-1.19635
-2.3562
1.94752
-0.608738
-0.512849
-0.60542
-0.491991
-0.574571
0.920268
-0.620784
2.83737
-1.01263
-0.651254
-0.834274
-3.42062
3.51344
-2.53794
-0.540261
1.27842
-2.32179
1.11782
5.5814
3.65791
-1.88949
83.0371
-16.7077
13.7297
-5.01528
-6.15442
19.4989
4.52286
20.4095
11.0327
2.69914
33.0031
-18.2094
13.4044
-8.57193
-6.94491
26.0769
14.5721
-15.5668
-8.69183
-1.51253
98.2538
4.47306
21.2934
-15.2315
-11.7873
21.2682
9.9927
40.38
18.4522
4.12058
44.2592
-79.0002
8.13309
-0.811493
-2.83428
35.7038
18.4144
-1.52864
-3.07554
-0.770737
56.0342
-23.9186
15.1564
-6.42672
-4.78698
25.5482
14.1506
22.5406
6.88238
5.55293
33.1119
-95.4443
4.39316
10.7555
0.98767
44.0938
25.2262
4.06964
1.40728
9.47091
74.4281
-60.4463
13.636
19.2522
7.71771
28.8932
15.2498
-19.8124
-4.44811
0.851118
25.0636
-10.7784
8.30127
16.7129
22.0626
17.859
8.79729
-1.16498
1.4598e-13
-2.0339
0
-106.569
415.199
-104.117
186.762
0
0
0
0
-12.2374
15.6677
6.61782
0
-36.0615
238.938
-69.0218
61.2998
0
0
0
0
6.01222
14.4621
-10.6182
-7.19604e-15
-7.73026
286.37
7.72886
120.19
0
0
0
0
2.29451
17.0344
-7.44931
2.75857
-90.8516
352.734
-98.4491
188.125
0
0
0
0
-5.3958
12.4426
5.39337
2.3274
-3.68028
225.006
3.68029
107.495
0
0
0
0
6.75316
34.5072
5.29122
1.35177e-13
-84.7841
304.856
-85.4437
181.51
0
0
0
0
10.6812
61.3107
10.7761
-1.64805e-14
14.6603
272.812
-14.6603
203.752
0
0
0
0
-0.768484
11.4987
0.757866
0
8.64388
82.9576
38.6172
52.0737
58.5167
167.191
0
0
