1.81446
0.3508
0.624062
0.23732
0.181105
0.378696
-0.797121
-1.12999
0.720186
0.172481
-0.4325
-0.8971
0.4767
-0.490301
0.630627
-0.423651
3.54788
-2.2572
-0.201546
-1.08914
-5.99998
5.98318
-3.53108
1.09526
-0.197048
-5.53915
-1.62314
0.453116
0.53979
0.785201
-0.133213
0.326453
-0.979088
-1.95145
1.45396
-0.287711
-0.1486
-0.711685
-0.183123
-0.314369
0.394006
-0.321428
2.10074
-0.623955
-0.57485
-0.572825
-3.10651
2.76394
-1.77756
1.1271
2.82129
-2.51871
0.72055
0.525431
0.455518
1.04615
-0.202387
0.288538
-1.13231
-2.3562
1.89444
-0.584397
0.0079413
-0.392148
-0.15596
-0.138438
0.0864598
-0.0915331
1.02452
0.236471
-0.114749
-0.619754
-1.29309
1.71189
-0.775602
3.42352
4.6895
0.10906
2.1361
0.543249
0.43734
0.877267
-0.124207
0.546917
-1.3
-2.22617
1.99373
-0.644823
0.768776
-0.0730396
0.44552
0
0.0468948
-0.060838
-0.775586
1.58943
0.972659
-1.35271
1.32357
0.349976
-0.246987
2.95235
3.24442
2.28129
2.82597
0.558443
0.419161
0.518504
0.304397
0.477096
-1.3
-1.89393
2.08067
-0.70525
0.901009
-0.0365198
1.047
0
0.0591331
-0.0744666
-1.41875
1.70331
-0.321463
0.434006
2.89763
0.114383
-0.233392
0.559467
0.172639
2.27438
0.0562029
0.563231
0.396583
0.159741
0.733
0.40726
-1.3
-1.55771
2.14913
-0.751158
0.343174
0
0.897152
-0.423814
0.0586984
-0.139953
-0.11543
0.810251
-0.294829
0.0013728
2.06756
-0.465222
-0.212681
-2.11791
0.147039
-0.660146
-2.82115
0.577362
0.362436
0.322943
0.683488
0.293569
-1.3
-1.76695
2.27018
-0.826175
-0.214661
0
0.615246
-1.14991
-0.396065
-0.136746
2.12942
-0.207877
-1.26451
-0.190296
-0.870944
0.495124
-0.330229
-0.581799
-0.11781
-3.11946
-2.83652
0.592225
0.328495
0.873053
0.247409
0.179537
-1.3
-2.3562
2.39124
-0.908089
-0.579786
-0.103577
-0.151836
-2.391
0.0625369
1.94837
3.21227
-2.37138
-0.328768
1.76695
-2.294
1.16882
-0.33754
-1.40891
-0.40178
-4.84558
-4.8207
9.81174
6.34768
1.7761
60.9889
6.63449
32.7496
-11.7252
-9.82668
25.7028
13.7601
32.4265
11.8837
1.60242
100
-73.8483
66.9713
36.6645
14.6863
34.0724
14.4413
19.7925
9.56185
1.04077
100
-85.1868
29.7555
27.5854
7.58742
27.6351
12.5479
28.3576
13.5439
9.66325
90.171
-82.0159
51.4229
-10.0138
-12.7565
28.4354
8.95664
-9.2844
-8.22641
2.68533
68.1766
-29.4567
41.4119
-3.54907
-7.18644
-11.5282
-12.1099
-84.1546
-32.9887
62.8575
22.4241
-13.139
20.1251
7.98843
5.38118
2.87809
-3.33417
4.69511
-3.8567
-1.25685
28.9571
-91.0026
43.3291
28.5464
15.0835
10.376
1.88231
-62.489
-47.071
-9.86498
18.109
-35.3948
35.3626
60
47.3443
-12.7594
-29.8825
4256.46
6.25471
-4253.78
7.10543e-15
359.44
381.991
-493.143
0
0
0
0
0
-5612.87
0
5613.64
6.225e-14
1103.77
728.746
-1358.68
0
0
0
0
0
3725.46
0.0219884
-3725.45
0
-326.295
425.501
324.582
211.836
0
0
0
0
2933.1
36.4629
-2893.51
6.47824e-14
-3468.86
520.226
3405.91
84.5376
0
0
0
0
9939.99
29.5946
-9941.25
0
3185.66
331.709
-3186.38
14.646
0
0
0
0
-1161.54
385.351
1306.95
30.0297
-2545.41
173.749
2545.38
0
0
0
0
0
640.708
10.6334
-640.655
3.01074
3868.74
469.854
-4033.17
0
0
0
0
0
-308.735
19.3006
386.446
202.738
-4261.09
304.749
4261.08
12.6248
263.281
752.319
0
0
