0.296489
0.3508
0.624062
0.23732
0.181105
0.378696
-0.797121
-1.12999
0.720186
0.172481
-0.4325
-0.8971
0.4767
-0.490301
0.630627
-0.423651
3.54788
-2.2572
-0.201546
-1.08914
-5.99998
5.98318
-3.53108
1.09526
-0.197048
-5.53915
-1.62314
0.379455
0.60357
0.373173
0.104652
0.37022
-0.848046
-1.36184
0.961747
0.0269151
-0.408032
-0.883067
0.264155
-0.536815
0.678804
-0.51604
3.08037
-1.72877
0.234788
-1.21164
-5.47387
5.55817
-3.14732
0.577678
0.331326
-5.01811
-1.0982
0.408295
0.578856
0.499952
0.0323775
0.380165
-0.912495
-1.57139
1.17605
-0.104614
-0.40584
-0.846664
0.0736256
-0.56115
0.680929
-0.57951
2.73975
-1.20768
0.260442
-1.61041
-4.9474
5.05722
-3.03007
0.0517544
0.860187
-4.49749
-0.574519
0.439126
0.549574
0.613102
-0.0154904
0.382872
-0.980484
-1.76051
1.38267
-0.235264
-0.425961
-0.78787
-0.0945915
-0.563445
0.727021
-0.70194
2.3783
-0.682958
-0.195178
-1.47789
-4.4652
4.79704
-3.12062
-0.475073
1.38811
-3.97154
-0.0541847
0.471301
0.517078
0.713308
-0.0310037
0.356582
-1.03889
-1.92722
1.57938
-0.36547
-0.468209
-0.706999
-0.24113
-0.543398
0.761744
-0.841508
2.08189
-0.166421
-0.674731
-1.35698
-3.9358
4.63983
-2.87626
-0.997456
1.90932
-3.45972
0.473289
0.503831
0.479393
0.794599
-0.0161588
0.319616
-1.09806
-2.0723
1.7759
-0.4982
-0.532635
-0.603789
-0.365473
-0.50158
0.772759
-0.998484
1.91764
0.357942
-1.20087
-1.39739
-3.42537
4.72215
-3.32156
-1.5211
2.43676
-2.93569
0.993479
0.53652
0.436096
0.875822
0.0196864
0.253941
-1.14945
-2.21465
1.97522
-0.636384
-0.6172
-0.47823
-0.46832
-0.437199
0.734644
-1.09327
1.94037
0.851707
-1.72612
-1.05286
-3.34213
4.54971
-3.23365
-2.04772
2.96457
-2.42817
1.52004
0.567509
0.386606
0.955849
0.0774759
0.158626
-1.19195
-2.3562
2.17846
-0.778107
-0.722517
-0.352664
-0.548831
-0.352037
0.736738
-1.16843
1.78021
1.36441
-2.25036
-0.995971
-3.3219
4.86334
-3.60354
-2.48651
2.70612
-1.90083
2.01066
16.9403
9.97769
1.14256
62.5578
9.10548
34.8312
-13.7408
-11.4436
22.9013
11.9732
23.7524
12.3701
0.283344
60.8476
-10.509
36.5496
-11.6291
-9.8062
25.8115
12.831
18.4961
5.23015
-1.14647
76.7623
-26.8673
44.6522
-6.83173
-6.90622
31.3742
15.4454
-1.89389
-1.50236
-0.561139
71.8179
-7.57318
20.7584
-13.6313
-9.35619
20.3638
10.4326
24.0514
6.7024
-0.487769
67.102
-49.6743
42.1215
-3.89537
-4.01851
31.1269
15.9667
-5.58022
-5.11607
2.32338
48.9844
-13.3536
21.2645
-8.19011
-4.37945
24.1791
14.0558
47.696
15.9572
3.46715
42.4574
-99.8681
53.2853
5.94902
2.51802
40.147
21.7367
-45.2513
-25.205
-1.38445
-11.7171
-9.5375
1.51202
40.916
42.5274
18.0286
8.70443
1.21991
0.00316158
-1.00781
0
-178.054
387.501
42.4113
0.0491079
0
0
0
0
1.96981
-4.44089e-16
-1.96899
0
-94.4739
414.785
-49.0806
-1.45856e-14
0
0
0
0
1.26075
-2.77556e-17
-1.2458
0
-76.4899
501.138
-98.9086
-1.11022e-16
0
0
0
0
-0.155305
0.0645594
0.155305
0
-0.267737
234.366
0.267737
73.8719
0
0
0
0
1.29439
2.97944
-2.02257
0.00961877
-43.4718
460.075
-122.125
12.9779
0
0
0
0
-4.33618
30.9129
-5.94508
1.10968
1.16611
197.537
-1.16611
15.8727
0
0
0
0
-41.2184
16.3216
37.6142
0.0918641
-154.153
579.509
-49.4416
2.18949
0
0
0
0
-16.0681
46.0665
-5.88927
17.0683
3.54931
37.4353
-3.54931
1.5268
112.727
322.077
0
0
