1.85343
0.3508
0.624062
0.23732
0.181105
0.378696
-0.797121
-1.12999
0.720186
0.172481
-0.4325
-0.8971
0.4767
-0.490301
0.630627
-0.423651
3.54788
-2.2572
-0.201546
-1.08914
-5.99998
5.98318
-3.53108
1.09526
-0.197048
-5.53915
-1.62314
0.487259
0.510063
0.739039
0.0555406
0.180604
-0.975184
-1.96344
1.63998
-0.396984
0.284572
-0.492636
-0.19145
-0.346695
0.688825
-0.271523
1.85289
-0.408892
-0.918318
-0.672091
-3.14824
2.67359
-1.38734
2.7158
1.59723
-2.52312
0.544232
0.541541
0.433399
0.872994
0.0671183
0.17986
-1.11997
-2.20961
1.99152
-0.654909
0.970698
-0.196641
-0.131103
-0.20309
0.236038
-0.272194
0.481472
0.385492
0.128383
-0.527271
-0.852862
1.32656
-0.703731
2.59366
2.74473
0.228861
0.0825119
0.578825
0.361319
0.886242
0.170342
0.197672
-1.25426
-2.32397
2.27368
-0.835958
0.964715
-0.104989
0.112355
-0.153788
0.119597
-0.321002
0.0499507
1.29824
-1.00813
0.228772
0.260735
0.980954
-0.682019
-0.0267834
0.126252
1.68739
0.49425
0.60904
0.288155
0.744343
0.532688
0.000419867
-1.27745
-2.27366
2.5329
-1.00358
0.674641
-0.071475
0.580059
-0.0227086
-0.015419
-0.349979
-0.566679
1.4654
-0.641646
-0.0865306
0.166665
0.938376
-0.581258
-1.72736
0.126254
1.87412
0.535549
0.609962
0.282903
0.594418
0.676671
0.0289109
-1.3
-2.13474
2.54982
-1.0095
0.216997
-0.0325197
0.786301
-0.0886289
0.06701
6.97845e-05
-0.668901
0.507435
1.1142
-1.13142
0.879475
-0.222477
0.178303
-2.15991
1.44652
0.381767
-0.699998
0.605974
0.295177
0.519848
0.711547
0.0686042
-1.3
-2.04275
2.50835
-0.985232
-0.0402968
-0.196596
0.895547
-0.256397
-0.0692362
0.0486575
1.0395
0.026129
0.151222
0.0187574
0.129426
-0.111241
0.09166
-0.514475
-0.657316
0.574541
0.968528
0.602192
0.308092
0.83175
0.404562
0.017374
-1.25369
-2.33382
2.46464
-0.962566
-0.399507
-0.458002
1.047
0
0.426293
1.34575
3.35734
-1.25809
-0.317145
1.79188
-1.73322
1.28352
-0.843003
-1.46994
-1.0282
1.47734
1.52533
-19.6253
-7.10015
20.5287
87.159
29.9739
37.2457
-11.1601
-11.4175
22.9857
11.4571
35.3986
13.9598
0.53281
75.6768
-88.064
61.8878
41.7888
18.179
29.9142
12.4327
12.3532
2.63494
-1.57238
97.8918
-64.1932
47.633
-4.26783
-8.77273
15.0286
3.05265
34.4397
11.771
2.77219
59.5007
-83.5486
47.3347
-6.30605
-8.11298
26.5359
13.3755
9.46411
2.96532
-0.318741
81.8524
-88.4682
71.4218
21.3132
8.47965
6.62567
-3.17415
-13.0186
-3.5205
19.0036
54.6451
-85.9854
37.5743
16.0288
6.16646
9.60775
1.90417
-31.9887
-15.3853
15.748
11.1584
-86.5138
-2.22257
14.0975
5.66076
45.0185
24.4203
-76.4219
-25.1761
46.4205
54.8694
-51.9188
17.1938
17.4645
23.5802
25.7001
7.16359
-1507.11
145.572
1549.09
1.45619e-21
556.758
362.119
-618.318
8.62066
0
0
0
0
877.582
0.0175854
-877.575
-1.58023e-17
943.723
654.667
-1172.9
0.137982
0
0
0
0
-386.141
0.732593
387.678
0
1035.5
472.56
-1055.05
80.3055
0
0
0
0
1098.9
9.17788
-1094.57
0
126.534
471.398
-198.159
46.2966
0
0
0
0
-77.1864
0.175174
77.2361
4.0667
166.519
586.729
-166.609
1.97604
0
0
0
0
542.067
123.813
-495.456
9.35675
205.744
377.091
-205.215
109.427
0
0
0
0
-228.233
122.893
239.042
0.607007
-9.15259
146.653
9.15259
206.799
0
0
0
0
497.026
304.963
-376.145
40.4112
-54.9084
199.251
212.542
251.132
71.8892
205.398
0
0
