0.283241
0.3508
0.624062
0.23732
0.181105
0.378696
-0.797121
-1.12999
0.720186
0.172481
-0.4325
-0.8971
0.4767
-0.490301
0.630627
-0.423651
3.54788
-2.2572
-0.201546
-1.08914
-5.99998
5.98318
-3.53108
1.09526
-0.197048
-5.53915
-1.62314
0.377554
0.60436
0.368156
0.102043
0.379253
-0.849453
-1.35364
0.950964
0.0345187
-0.407898
-0.885445
0.272915
-0.535666
0.690093
-0.493843
3.11605
-1.75824
0.193826
-1.53032
-5.52687
5.58256
-3.40356
0.604943
0.289068
-5.0359
-1.1202
0.405865
0.580447
0.490709
0.0337834
0.38683
-0.911337
-1.5577
1.16195
-0.0949595
-0.403558
-0.857704
0.0879202
-0.560836
0.72394
-0.559408
2.77167
-1.25824
0.196395
-1.48642
-5.03084
5.10697
-3.16341
0.103724
0.770853
-4.53987
-0.620631
0.43545
0.553387
0.602969
-0.0129702
0.381501
-0.9715
-1.7414
1.35827
-0.21984
-0.399949
-0.818237
-0.075547
-0.565954
0.706649
-0.548848
2.61946
-0.774037
-0.252698
-1.24675
-4.53816
4.68029
-2.90563
0.0869728
0.980104
-4.03865
-0.124786
0.464415
0.524967
0.707787
-0.0420816
0.357052
-1.02276
-1.90631
1.53558
-0.337053
-0.396339
-0.77877
-0.218776
-0.550824
0.756793
-0.586475
2.37485
-0.276705
-0.73989
-1.26221
-4.07079
4.37908
-2.85943
0.563031
0.718071
-3.53806
0.376119
0.495031
0.491405
0.803842
-0.0477294
0.317902
-1.07401
-2.06113
1.71804
-0.460755
-0.373538
-0.749839
-0.34192
-0.519411
0.817858
-0.705422
2.19571
0.207414
-1.22762
-1.43135
-3.81579
4.50674
-3.15261
1.06703
0.256811
-3.04128
0.874167
0.52699
0.450762
0.893705
-0.0301396
0.263626
-1.12719
-2.21153
1.91196
-0.594133
-0.330361
-0.739458
-0.444736
-0.46386
0.822774
-0.832352
2.22808
0.710517
-1.65802
-1.31486
-3.57815
4.86818
-3.37907
1.06104
0.292298
-2.5384
1.37606
0.557544
0.403967
0.976594
0.00695211
0.196625
-1.18017
-2.3562
2.11018
-0.730571
-0.307016
-0.718356
-0.52758
-0.388044
0.880713
-1.04251
1.99951
1.20139
-1.62612
-0.882711
-3.19468
5.09312
-3.24502
0.576403
0.523826
-2.04439
1.87731
21.2813
10.9487
-0.0514689
54.5488
-11.1643
14.0072
-12.3702
-10.4346
25.3126
13.1756
16.0399
9.31356
0.292227
64.0376
-11.4739
19.0899
-14.6894
-11.5678
23.713
11.8834
22.1055
7.88726
0.485815
65.1892
-39.4735
22.6904
-7.48516
-6.94255
30.2512
14.9637
29.2538
9.9203
2.29478
60.6424
-69.1121
26.4526
16.4082
3.5902
33.8074
17.125
-0.729751
-2.05573
-0.153237
89.881
-27.3549
22.4173
1.54423
-6.57725
21.3289
10.6084
21.5214
6.55821
5.75542
30.4959
-56.2233
20.2881
12.9336
1.64334
31.1496
17.8309
23.2396
8.65572
8.2934
26.0987
-57.159
15.3454
-0.758041
-1.52394
31.9829
18.3746
4.35012
4.94621
4.17676
15.9315
-14.9521
15.1901
-6.053
10.4687
18.2434
9.45062
0.027645
0
-0.00819993
0
-80.8001
323.92
-59.9298
116.42
0
0
0
0
-2.28043
2.19022
3.04722
0
-17.6649
310.818
-71.6613
93.3851
0
0
0
0
-3.10691
-9.24426e-14
3.1529
0
-80.7839
387.478
-71.4066
107.559
0
0
0
0
-0.350866
15.1515
5.65673
0
-100.288
450.161
-88.0963
116.84
0
0
0
0
58.1682
10.9723
-54.3497
0
-2.18009
300.243
2.18009
135.916
0
0
0
0
5.36254
39.08
8.31547
-4.00562e-14
-63.4652
299.398
-51.343
64.415
0
0
0
0
-97.6232
44.9268
114.279
2.66216
-58.8197
242.697
-41.6001
68.2281
0
0
0
0
3.81506
22.1603
3.94104
0
2.23239
131.491
-2.23239
8.92727
47.0432
146.017
0
0
