0.255519
0.3508
0.624062
0.23732
0.181105
0.378696
-0.797121
-1.12999
0.720186
0.172481
-0.4325
-0.8971
0.4767
-0.490301
0.630627
-0.423651
3.54788
-2.2572
-0.201546
-1.08914
-5.99998
5.98318
-3.53108
1.09526
-0.197048
-5.53915
-1.62314
0.373164
0.607445
0.300798
0.150419
0.400757
-0.850193
-1.27681
0.923094
0.0529219
-0.34725
-0.891973
0.286887
-0.537565
0.632658
-0.36713
3.40224
-2.25644
0.0651793
-1.35239
-5.56727
5.58919
-3.27916
0.870917
0.14053
-5.09969
-1.20986
0.397282
0.58696
0.415907
0.0788336
0.413809
-0.908607
-1.4666
1.11101
-0.0592887
-0.32137
-0.878841
0.112428
-0.569973
0.661737
-0.335769
3.21704
-1.84264
0.368446
-1.63086
-5.12765
5.14802
-3.06019
0.600502
0.424299
-4.64984
-0.785201
0.422192
0.563006
0.522031
0.018248
0.431096
-0.97171
-1.64222
1.29034
-0.169812
-0.305276
-0.852956
-0.0454813
-0.588085
0.687432
-0.403645
3.04093
-1.48045
0.471539
-1.72459
-4.72892
4.89683
-2.94003
0.297839
0.709431
-4.19551
-0.388389
0.447705
0.536822
0.624444
-0.031139
0.440294
-1.03335
-1.8072
1.45945
-0.276788
-0.301274
-0.809627
-0.186099
-0.592734
0.672086
-0.433605
3.08762
-1.25036
0.136327
-1.52502
-4.47724
4.62909
-2.6924
-0.00672728
0.957621
-3.74478
-0.0198908
0.473289
0.508784
0.730421
-0.0745626
0.435064
-1.09112
-1.96997
1.62005
-0.380117
-0.301165
-0.771015
-0.310163
-0.584973
0.700156
-0.493871
3.1409
-0.963608
-0.317565
-1.41185
-4.38895
4.52945
-2.91956
-0.00298226
1.0576
-3.29165
0.401998
0.499179
0.478506
0.837414
-0.105273
0.408476
-1.14184
-2.12854
1.77625
-0.485123
-0.297745
-0.732422
-0.41439
-0.553824
0.757428
-0.600386
3.19805
-0.594949
-0.731292
-1.28584
-4.1007
4.21681
-2.84804
0.146308
0.945525
-2.84098
0.853204
0.524516
0.44756
0.947697
-0.133505
0.368894
-1.18246
-2.28271
1.92353
-0.58887
-0.301977
-0.697918
-0.503245
-0.508111
0.84423
-0.614367
3.05162
-0.360386
-1.08495
-1.01463
-3.70995
3.90499
-2.64912
-0.186008
0.575622
-2.42322
1.2522
-9.98714
-2.50012
-0.925062
75.4495
4.69922
27.7511
-2.4441
-4.30554
29.2801
15.0374
-9.81425
-4.36118
27.5056
67.8728
-5.76814
26.2984
-5.47782
-6.82612
30.3088
15.5073
21.973
11.3294
3.6897
56.227
-27.6917
24.4438
-6.5815
-7.6685
26.7375
13.6664
3.47501
-0.356168
3.50987
45.6748
-24.3572
18.704
-2.46118
-4.04239
27.4418
14.9186
12.5461
2.05192
6.42726
46.6153
-49.5838
27.7508
4.46834
-0.124118
35.3757
19.5041
-11.3482
-7.82222
5.75449
32.0889
-18.2357
9.4489
12.9014
4.10018
26.9879
16.3946
12.7098
2.5775
8.00361
25.7738
-50.9951
15.0883
6.43255
-0.627806
35.1768
20.544
-17.4628
-9.0199
-0.808716
-6.56866
-31.3295
6.4035
-3.71533
44.0328
18.5749
6.62261
-28.1667
9.96516
30.5543
2.82358
129.687
384.281
-278.737
60.4668
0
0
0
0
0.728434
205.421
13.4427
2.15786
187.09
356.12
-310.6
60.4376
0
0
0
0
-53.3658
23.8921
53.6071
2.51933
191.405
358.551
-320.881
68.6095
0
0
0
0
-47.8388
34.9826
43.7757
2.7523
163.844
259.129
-257.745
50.7871
0
0
0
0
-51.8919
50.3199
48.2875
1.32688
151.961
376.089
-295.85
54.9232
0
0
0
0
25.5962
59.1605
-25.5965
4.55152
-4.19846
144.654
2.54728
63.6473
0
0
0
0
140.743
57.5192
-138.623
5.95764
1.29716
232.465
-102.427
56.4774
0
0
0
0
2.88272
16.8693
3.43066
3.91389
5.19783
121.461
-18.5913
45.5966
118.711
469.223
0
0
