1.46149
0.3508
0.624062
0.23732
0.181105
0.378696
-0.797121
-1.12999
0.720186
0.172481
-0.4325
-0.8971
0.4767
-0.490301
0.630627
-0.423651
3.54788
-2.2572
-0.201546
-1.08914
-5.99998
5.98318
-3.53108
1.09526
-0.197048
-5.53915
-1.62314
0.422385
0.546545
0.666241
-0.111602
0.129577
-1.02452
-1.85667
1.55034
-0.198706
-0.203828
-0.938241
-0.183606
-0.829186
0.967303
0.115244
2.55195
-1.33594
-1.19168
-0.124085
-3.64099
3.38476
-1.63364
0.207045
-1.24116
-3.15825
-1.62894
0.530884
0.45834
0.989725
-0.0807999
0.151874
-1.06342
-2.26004
2.104
-0.4492
0.192209
-0.84157
-0.322694
-0.859353
1.20294
-0.684548
0.492149
1.04955
0.109282
-0.712754
-1.60229
2.71498
-0.95341
1.89201
0.354339
-0.661379
-0.0916139
0.576752
0.370771
0.792818
0.291335
0.112483
-1.19439
-2.30313
2.28869
-0.632715
0.588245
-0.582117
0.0617532
-0.596405
1.2208
-1.75123
-1.12766
2.34733
-0.191335
-0.0532356
0.574911
0.662297
0.134674
2.00816
2.52102
1.84875
2.11866
0.577836
0.372466
0.545453
0.556139
0.0760832
-1.17829
-1.96417
2.24092
-0.812816
0.656304
-0.123315
0.445956
-0.231321
0.8545
-1.64193
-0.592254
1.15465
0.368715
0.896473
1.8311
-1.37505
-0.923594
-0.288902
2.19271
1.7776
1.7542
0.539041
0.444256
0.421705
0.516205
0.154232
-1.0821
-1.72856
1.95421
-0.679974
0.150658
-0.0201243
0.616701
-0.138679
0.298277
-0.88019
0.635226
-0.317963
0.359569
0.410103
1.09044
-1.31699
1.21691
-2.4571
0.327301
-0.11454
-0.376243
0.493753
0.50394
0.553819
0.234857
0.220653
-1.00798
-1.79002
1.68178
-0.439125
-0.361177
-0.03143
0.382647
-0.306124
-0.211412
-0.298388
2.6549
-1.7029
0.146133
0.319695
-0.627477
-1.2831
1.02585
-2.10019
-0.748351
-2.10185
-1.11845
0.45087
0.55056
1.10885
-0.446145
0.279255
-0.941958
-2.25423
1.41391
-0.253714
-0.953409
-0.170397
-0.390302
-0.506331
0.513569
2.07856
5.13551
-3.2884
1.02124
-0.916494
-2.23318
-0.572662
0.345291
-2.8385
0.393608
-4.16625
-0.931862
-32.1417
-14.883
40.0727
92.9304
35.7879
35.7286
-32.9094
-25.1312
19.8683
7.24135
66.691
66.8773
77.699
52.3158
-43.5931
56.5179
8.68166
-0.672797
18.2803
4.62145
-0.421774
0.0564522
-0.044702
68.0748
-7.08062
72.7047
20.7195
8.79359
16.8537
7.89892
14.003
3.7424
0.614899
67.1756
-59.9769
56.4371
5.30065
0.626105
30.5147
14.2896
-12.2274
-4.16039
15.5428
73.6803
-71.7535
52.4356
2.13997
-4.97748
-0.460663
-6.49182
-10.6958
-6.10258
18.0526
71.9897
-89.3248
53.804
4.77318
-1.65417
11.9828
0.609796
-18.0638
-7.44123
23.7966
25.2171
-37.3037
13.0573
24.1229
14.6562
5.02166
1.69285
-38.0415
-16.3996
49.1899
13.3678
-53.2809
-15.0328
38.818
36.9678
20.3451
5.24417
-450.585
295.757
541.533
24.3552
824.048
332.618
-875.394
11.0786
0
0
0
0
-618.716
156.164
675.814
6.97471
630.408
439.934
-784.674
0.813961
0
0
0
0
-429.307
3.94348
431.023
-2.22245e-25
795.86
208.093
-830.682
63.8458
0
0
0
0
285.699
1.72681
-283.467
0
621.374
412.595
-718.332
4.75109
0
0
0
0
-244.558
108.034
272.652
12.8572
463.734
476.101
-521.787
33.2207
0
0
0
0
835.947
119.207
-800.842
13.4474
-373.703
549.457
247.005
84.366
0
0
0
0
-2759.11
167.77
2811.87
39.4747
-940.155
214.612
867.878
62.2666
0
0
0
0
2257.8
357.811
-2095.51
105.894
346.285
125.38
-372.167
308.289
77.0365
513.928
0
0
