0.301402
0.3508
0.624062
0.23732
0.181105
0.378696
-0.797121
-1.12999
0.720186
0.172481
-0.4325
-0.8971
0.4767
-0.490301
0.630627
-0.423651
3.54788
-2.2572
-0.201546
-1.08914
-5.99998
5.98318
-3.53108
1.09526
-0.197048
-5.53915
-1.62314
0.380702
0.602315
0.371706
0.107034
0.373888
-0.852629
-1.36518
0.973028
0.0204416
-0.40818
-0.88249
0.260956
-0.537174
0.699506
-0.566764
3.0877
-1.71981
0.197051
-1.28828
-5.46177
5.87103
-3.53061
0.561736
0.339847
-5.01016
-1.08817
0.414679
0.57349
0.491483
0.0559008
0.376175
-0.923559
-1.57807
1.21818
-0.131598
-0.406759
-0.846223
0.056553
-0.57336
0.788914
-0.74103
2.58896
-1.18665
0.0520112
-1.6457
-4.94336
5.69159
-3.55062
0.0269002
0.87628
-4.57866
-0.767169
0.450301
0.538445
0.597783
0.0267458
0.378461
-1.00299
-1.76987
1.45311
-0.281023
-0.428044
-0.785871
-0.123197
-0.606168
0.850979
-0.921647
2.14879
-0.675907
0.0520042
-2.03738
-4.40722
5.42723
-3.46983
-0.505908
1.4032
-4.16211
-0.445146
0.486388
0.496581
0.689268
0.0207308
0.380748
-1.09075
-1.94351
1.6845
-0.430259
-0.471953
-0.702507
-0.280148
-0.624865
0.83794
-1.06043
1.91322
-0.138018
0.0475035
-1.83477
-3.87817
5.3723
-3.37042
-1.03663
1.93805
-3.62886
0.0910337
0.521044
0.450697
0.771682
0.0378094
0.361847
-1.17134
-2.10028
1.90396
-0.575356
-0.536055
-0.596099
-0.435826
-0.605762
0.742013
-1.06987
1.92136
0.399289
-0.490655
-1.56795
-3.34053
4.979
-3.13837
-1.50441
2.47374
-3.59982
0.626419
0.551354
0.404652
0.849859
0.0676286
0.31782
-1.23531
-2.24203
2.10053
-0.708363
-0.600158
-0.489547
-0.591505
-0.578369
0.698118
-1.07057
1.81154
0.929968
-1.02461
-1.26726
-2.83128
4.55029
-2.95909
-1.984
2.99311
-3.59166
1.15925
0.581387
0.354901
0.909199
0.129885
0.251108
-1.29019
-2.3562
2.29651
-0.849506
-0.706205
-0.361326
-0.747183
-0.528055
0.776763
-1.22825
1.3709
1.45226
-1.55168
-0.732645
-2.31544
4.64461
-3.27584
-2.4776
2.99634
-3.06584
1.68546
18.5673
11.0509
0.97204
47.8886
5.02146
26.8565
-13.2363
-10.5719
21.435
11.7647
14.3693
7.63646
0.227069
59.2007
-1.86456
32.5761
-12.1635
-9.6598
24.1867
12.5537
-11.9607
-7.36799
-3.21331
94.0346
16.8059
37.7967
-15.2348
-10.9382
7.22769
0.562039
28.4678
14.2239
1.39783
56.1393
-34.4718
37.1523
-9.54472
-7.39824
25.692
12.5725
27.2284
8.95812
0.909298
50.067
-54.7919
37.2966
-4.24832
-3.54505
29.745
15.5699
52.801
17.7078
0.963676
67.6941
-99.0326
57.6322
8.54931
2.9895
6.78929
1.93881
13.9634
3.38915
-0.69595
100
-46.0435
60.3466
-10.8982
-7.58673
20.1595
9.88101
-0.281623
-2.34731
-0.994043
77.8322
1.0665
38.8713
-60
-32.5571
13.6103
6.89476
-5.46766
1.17012
5.46544
0
-60.8062
317.906
-50.4608
-2.22045e-16
0
0
0
0
-42.8733
1.62289
42.4407
0
-62.2001
347.522
-59.4328
0
0
0
0
0
-24.4769
0
24.4519
6.87559e-14
72.9609
326.685
-72.9609
2.22045e-15
0
0
0
0
342.998
1.90711
-343.605
0
-213.203
392.248
75.9167
0
0
0
0
0
-4.06616
0.650001
4.06292
0
-81.3591
412.456
-63.0006
0
0
0
0
0
-7.44723
2.22824
6.72354
-6.08754e-17
-120.302
616.455
-95.4567
0
0
0
0
0
-12.5575
0
10.7833
0
-24.2673
499.233
24.2673
0
0
0
0
0
2.96282
0
-2.42049
0
61.1017
251.444
34.1143
20.6012
-45.9388
131.254
0
0
