1.6472
0.3508
0.624062
0.23732
0.181105
0.378696
-0.797121
-1.12999
0.720186
0.172481
-0.4325
-0.8971
0.4767
-0.490301
0.630627
-0.423651
3.54788
-2.2572
-0.201546
-1.08914
-5.99998
5.98318
-3.53108
1.09526
-0.197048
-5.53915
-1.62314
0.468522
0.524371
0.720443
-0.024435
0.306319
-1.00233
-1.91633
1.54534
-0.349452
0.183425
-0.943469
-0.225889
-0.427471
0.500277
-0.423653
2.05308
-0.871057
-0.335282
-0.660884
-3.34116
3.04175
-1.6377
2.61748
-1.52514
-2.98574
0.267013
0.544224
0.425037
0.851666
0.0770153
0.229268
-1.15795
-2.20438
2.02285
-0.670138
0.806532
-0.91958
-0.253479
-0.363296
0.316797
-0.420771
0.517037
0.757
-0.245765
-0.664061
-1.21898
2.02924
-1.03479
3.08965
1.06337
-0.117234
1.54384
0.593151
0.326024
0.802498
0.326069
0.171433
-1.3
-2.2886
2.39975
-0.913643
1.047
-0.669345
0.28591
0
0.206708
-0.420775
-0.378145
1.05837
-0.728537
0.620128
0.632333
0.763032
-1.0348
1.02178
2.49768
2.29215
1.56129
0.580633
0.363096
0.713515
0.440563
0
-1.15408
-2.13981
2.2689
-0.842606
0.605873
-0.0826189
0.823276
0
-0.110588
0.159231
0.0236392
0.486548
-0.728541
0.61906
0.632341
-0.556093
0.301892
-1.91204
2.49463
2.2225
-0.203325
0.529407
0.456834
0.762084
0.207203
0.0404945
-1.00978
-2.05878
1.89331
-0.596612
-0.0935423
-6.98163e-15
0.925359
-0.0478755
-0.385786
0.398805
0.863941
-1.54824
0.185195
0.525121
0.327745
-2.1956
2.01207
-2.98904
0.351027
0.141103
-0.936124
0.446221
0.552435
0.965691
-0.216038
0.0864664
-0.862391
-2.09906
1.38509
-0.251725
-0.795587
-0.0198962
0.958586
-0.352698
-0.320841
0.380552
1.78559
-1.84633
0.195407
0.626318
-0.407852
-2.15971
1.27989
-2.54019
-0.0847296
0.200059
-2.40783
0.378157
0.616824
1.419
-0.836435
0.132438
-0.715001
-2.3562
0.876871
0.0603318
-1.39156
-0.0229637
0.95178
-0.791289
0.549176
2.3397
3.09807
-2.64874
0.612936
1.1755
-1.98726
-1.92662
1.40444
-2.47993
0.363671
-0.99024
-1.70051
-4.38083
-0.629363
-1.51724
87.9023
24.4819
39.8564
-19.8239
-19.2864
23.9057
12.5574
35.0988
11.2606
-0.357656
83.5695
-81.2231
60.5011
30.6889
9.70043
28.0132
10.6702
10.2721
3.89294
-1.27158
100
-64.0415
52.4263
10.5527
0.9335
23.9483
10.8225
21.6981
4.18592
0.918393
72.5091
-98.1737
64.2692
7.02934
0.390596
26.0448
8.73934
0.415887
4.34151
19.0054
86.7502
-77.6906
68.5234
5.69553
-2.55954
7.6724
-1.36891
-5.94016
-3.16248
4.38709
60.986
-31.869
36.0785
6.31782
-0.153126
7.33986
1.27513
2.76284
10.4666
35.1477
64.2531
-26.4585
9.35879
13.2654
8.99825
21.6103
6.66461
-16.8827
6.43466
49.4159
33.205
-27.2642
-20.1408
59.124
39.1153
29.7769
14.215
1371.59
3.5696
-1370.56
0
462.545
402.883
-561.547
4.44089e-16
0
0
0
0
1592.44
2.35646
-1591.83
0
805.376
675.048
-1041.64
0
0
0
0
0
946.192
1.45933
-945.699
0
654.547
489.205
-661.094
73.578
0
0
0
0
1067.5
10.5491
-1063.81
0
396.732
584.909
-495.206
0.027205
0
0
0
0
98.7921
110.76
-59.7665
0.749567
1115.03
591.989
-1135.26
5.08398
0
0
0
0
73.0159
39.7718
-58.0379
3.07928
-349.069
325.004
294.382
11.0245
0
0
0
0
286.271
220.613
-204.631
12.6463
547.426
232.99
-547.426
169.694
0
0
0
0
-96.9726
341.42
244.014
78.6992
-212.219
112.792
168.634
308.443
91.7897
374.509
0
0
