0.294484
0.3508
0.624062
0.23732
0.181105
0.378696
-0.797121
-1.12999
0.720186
0.172481
-0.4325
-0.8971
0.4767
-0.490301
0.630627
-0.423651
3.54788
-2.2572
-0.201546
-1.08914
-5.99998
5.98318
-3.53108
1.09526
-0.197048
-5.53915
-1.62314
0.380082
0.602765
0.370664
0.106643
0.374358
-0.851665
-1.3624
0.968442
0.0232974
-0.386424
-0.884727
0.265356
-0.549908
0.745707
-0.566894
3.03079
-1.73674
-0.0315412
-1.5977
-5.51446
5.71448
-3.61369
1.10194
0.29537
-5.02366
-1.40446
0.413056
0.574898
0.490062
0.0536613
0.376764
-0.920487
-1.57272
1.20738
-0.124719
-0.359583
-0.872316
0.074719
-0.599008
0.819416
-0.714629
2.59004
-1.22173
0.174928
-1.90151
-4.99651
5.56406
-3.51536
0.637422
0.290311
-4.52365
-1.15949
0.447947
0.540406
0.593942
0.0229972
0.384099
-1.00104
-1.76214
1.44012
-0.271924
-0.352418
-0.858696
-0.0939167
-0.637402
0.818822
-0.824169
2.33426
-0.69857
0.130074
-2.02837
-4.47782
5.57738
-3.41154
0.169555
0.324185
-4.00836
-0.637272
0.482566
0.500567
0.682967
0.0145615
0.388436
-1.08597
-1.93076
1.66295
-0.415164
-0.362935
-0.824682
-0.240648
-0.656503
0.853597
-0.999906
2.07544
-0.178807
-0.393349
-1.81583
-3.99568
5.29112
-3.4035
-0.25132
0.809439
-3.48667
-0.123785
0.51692
0.456794
0.770899
0.0274319
0.361077
-1.15941
-2.08979
1.87653
-0.55764
-0.390853
-0.77166
-0.380231
-0.658328
0.819785
-1.06407
2.00134
0.319081
-0.911666
-1.48131
-3.54006
4.88466
-3.12513
-0.665608
1.26207
-3.20534
0.204709
0.549145
0.410191
0.855274
0.0614804
0.300767
-1.21752
-2.23723
2.07919
-0.697235
-0.426353
-0.711596
-0.508866
-0.648523
0.773186
-1.09677
2.00526
0.835512
-1.43406
-1.24053
-3.19168
4.79364
-3.5257
-1.1722
1.75883
-2.90869
0.360729
0.581126
0.361752
0.927585
0.116235
0.21978
-1.2636
-2.3562
2.27385
-0.845231
-0.496406
-0.637702
-0.62097
-0.631397
0.805439
-1.15274
1.6816
1.31636
-1.92568
-0.988696
-2.7664
4.57917
-3.42212
-1.66762
1.62286
-2.40346
0.712683
6.8326
4.89144
-0.209376
46.3982
4.44396
25.5817
15.3692
5.55308
20.0299
10.7608
-8.48377
-3.77813
-0.265006
84.0974
18.1294
27.9982
-15.8111
-12.4101
10.1445
2.0181
22.6638
11.6712
2.28843
72.604
-14.2652
38.6833
-23.7893
-20.986
26.5781
13.0412
18.5922
4.80193
0.497253
57.7819
-39.7172
37.2995
-4.54565
-4.49445
29.9441
15.3085
-5.06672
-3.60881
0.567981
58.4787
-6.11637
28.1078
-7.35842
-5.4592
20.5645
11.1251
47.1624
15.2458
3.84555
70.9577
-98.918
58.068
6.54444
0.931005
18.277
6.51053
11.5845
2.23201
0.146978
51.9982
-37.9583
29.8748
-5.94309
-4.01882
18.4265
8.72524
18.8389
4.23146
0.143616
19.4516
-95.5023
40.9433
40.0173
49.8423
20.2942
7.43905
-20.3714
5.55403
18.8189
0.674754
-71.089
306.743
-41.4053
14.6692
0
0
0
0
-13.3847
16.6599
8.28777
0.864546
148.926
285.04
-160.819
34.2195
0
0
0
0
-118.631
10.2828
117.807
-1.52592e-23
-266.648
406.293
125.575
5.68558
0
0
0
0
-695.594
9.96385
693.873
-7.23227e-15
-418.808
414.431
276.041
2.58366
0
0
0
0
-130.385
10.4531
127.364
2.09995e-13
563.543
233.552
-563.637
2.82854
0
0
0
0
-1578.47
23.8419
1570.13
1.56753e-15
69.7492
637.073
-295.035
6.56574
0
0
0
0
2102.33
8.73048
-2102.33
0.117254
78.6915
281.603
-78.6915
31.8656
0
0
0
0
-86.566
6.01532
88.6714
-5.48703e-15
96.8556
453.916
-256.622
3.46425
105.304
302.028
0
0
