2.60265
0.3508
0.624062
0.23732
0.181105
0.378696
-0.797121
-1.12999
0.720186
0.172481
-0.4325
-0.8971
0.4767
-0.490301
0.630627
-0.423651
3.54788
-2.2572
-0.201546
-1.08914
-5.99998
5.98318
-3.53108
1.09526
-0.197048
-5.53915
-1.62314
0.578642
0.405404
0.932202
0.103537
0.0576439
-0.932393
-2.26578
2.15988
-0.747063
-0.0252769
-0.70439
-0.0602803
-0.413573
0.849678
0.38642
2.35396
-0.241398
-1.66084
0.0306085
-2.1953
2.07349
-0.962116
0.631454
2.13067
-1.44262
0.206268
0.61971
0.372912
1.07869
0.0645463
0.0545894
-1.03592
-2.35298
2.35295
-0.954532
0.371285
6.34899e-16
0.133585
-0.290716
0.217673
0.0274182
0.165575
0.305721
0.811624
-0.817955
0.347159
0.495802
0.362307
1.83396
2.90567
0.538728
0.348069
0.595994
0.418366
0.846151
0.177863
0.146575
-0.990995
-2.08776
2.10609
-0.812531
0.536678
-0.0493805
0.36228
-0.160521
0.0430006
-0.194705
-0.670715
0.781111
0.0699828
0.263329
0.905615
-0.795559
1.67377
0.108971
-0.755567
1.09756
0.36107
0.517088
0.501335
0.511039
0.281527
0.233229
-0.867428
-1.71745
1.73146
-0.525051
-0.156164
-0.326861
0.836735
-0.0169004
-0.0768816
-0.358668
-1.20391
0.239554
0.692547
0.641608
1.57703
-1.25224
0.0975137
-2.38972
0.305145
1.42731
0.788822
0.414145
0.555214
0.305012
0.0814182
0.7102
-1.00095
-1.46131
1.32219
-0.165888
-1.04163
-0.199572
1.02411
-0.00600011
-0.312674
-0.583658
-0.395427
-1.1915
2.07742
-0.578399
0.587606
-1.09078
2.90821
-1.34545
1.20897
0.378508
-0.062236
0.258536
0.516459
0.374138
-0.545416
1.45399
-1.27989
-1.63041
0.979975
0.276816
-1.5399
-0.0707306
0.775133
-0.229314
-0.884457
-0.387939
1.81057
-1.72193
1.41107
-1.80508
-0.670498
-1.07629
1.08957
0.889351
0.355261
-2.21207
-1.61101
0.165325
0.49928
1.17508
-1.57884
1.67447
-1.26937
-2.34214
0.579728
0.549911
-1.12787
-0.247029
-0.356008
-1.40504
-0.235453
0.90675
5.59099
-3.77903
0.216565
0.848058
-2.4249
-1.01001
-1.18968
3.88337
-0.906777
-3.07959
-3.49837
-49.1343
-21.7583
37.7481
96.3227
38.5219
31.1885
-20.5485
-15.1404
25.5023
12.7983
72.3994
56.8054
48.0607
63.2454
-100
88.265
35.2327
13.9033
28.7694
10.972
45.5269
44.7118
50.0093
74.0162
-58.603
86.1685
4.99383
-3.32147
10.6912
1.03449
39.9053
42.8294
58.245
52.0631
-62.6565
57.0099
-1.30018
-6.2677
22.7917
9.36337
-27.5897
4.53536
42.1148
83.9505
-16.6916
36.6111
12.008
5.57298
11.6422
2.68875
-44.0997
-26.5662
21.9248
65.0111
3.6463
15.4057
-5.79256
-1.16447
12.6323
3.75981
-56.3972
-79.0779
20.699
67.824
12.3915
-8.64894
1.69897
4.75373
7.78197
-0.362526
4.95431
-23.1358
13.0841
64.2848
10.1884
-9.56925
49.1466
25.1091
13.6719
5.78659
2103.4
293.094
-2050.89
3.37688
-8670.51
294.881
8634.55
27.8751
0
0
0
0
1214.64
6.46063
-1214.2
2.42418e-14
1983.59
609.258
-2185.07
0.255374
0
0
0
0
1210.75
27.7657
-1210.69
6.46694
1741.14
398.058
-1785.18
88.8744
0
0
0
0
1219.37
60.4628
-1219.57
15.3215
727.451
448.014
-759.622
4.29243
0
0
0
0
801.901
132.195
-812.601
12.9616
-71.3041
325.287
68.9569
53.5607
0
0
0
0
297.814
175.003
-317.209
28.0505
315.424
191.694
-315.517
82.1815
0
0
0
0
228.765
242.248
-228.765
109.591
13.4256
61.1025
-41.4168
156.941
0
0
0
0
-59.9478
112.361
95.4856
61.1454
448.348
157.744
-556.261
150.578
8.30811
35.4192
0
0
