0.300032
0.3508
0.624062
0.23732
0.181105
0.378696
-0.797121
-1.12999
0.720186
0.172481
-0.4325
-0.8971
0.4767
-0.490301
0.630627
-0.423651
3.54788
-2.2572
-0.201546
-1.08914
-5.99998
5.98318
-3.53108
1.09526
-0.197048
-5.53915
-1.62314
0.379914
0.603224
0.375275
0.103531
0.370057
-0.848864
-1.36528
0.965239
0.0247653
-0.385556
-0.888771
0.262158
-0.537266
0.680665
-0.542299
3.21862
-1.72827
0.153387
-1.26769
-5.46489
5.71736
-3.49463
0.647846
0.194172
-5.00545
-1.09574
0.413131
0.574839
0.494196
0.0497412
0.376633
-0.92057
-1.57701
1.20783
-0.125017
-0.367831
-0.880442
0.0704754
-0.561322
0.774973
-0.716425
2.73806
-1.19645
0.186118
-1.79084
-4.93975
5.36728
-3.42296
0.193434
0.0635462
-4.47213
-0.561237
0.447445
0.541315
0.600304
0.0172012
0.379814
-0.997319
-1.76617
1.43524
-0.269375
-0.377727
-0.868715
-0.110009
-0.562647
0.800586
-0.815476
2.37729
-0.684707
-0.0445011
-1.90558
-4.41343
5.21248
-3.24188
-0.337485
-0.467662
-4.21068
-0.0309055
0.482393
0.501823
0.690506
0.0105867
0.3779
-1.07899
-1.93492
1.65782
-0.413413
-0.411853
-0.888745
-0.278558
-0.541474
0.821846
-0.927167
2.03195
-0.154316
-0.313157
-1.68289
-3.93698
5.33621
-3.37806
-0.796071
-0.467657
-3.93205
0.493974
0.517026
0.458015
0.777599
0.0260252
0.347499
-1.15112
-2.09289
1.87228
-0.556988
-0.445978
-0.897785
-0.444809
-0.49784
0.804997
-1.02208
1.84926
0.360199
-0.778202
-1.68288
-3.44633
4.84571
-3.32129
-1.12458
-0.227536
-3.87841
1.02176
0.549352
0.410701
0.85669
0.0642516
0.291298
-1.21224
-2.23669
2.07764
-0.697638
-0.494166
-0.898551
-0.61056
-0.431198
0.768066
-1.10384
1.7684
0.891859
-1.31133
-1.4258
-3.1206
4.53251
-3.28144
-1.53641
-0.0174998
-3.86679
1.55482
0.582273
0.362206
0.932484
0.102478
0.235097
-1.27006
-2.3562
2.27338
-0.849665
-0.559989
-0.881713
-0.755219
-0.348187
0.809433
-1.18578
1.5052
0.868847
-1.45906
-0.904607
-2.78843
4.55133
-3.76075
-1.53426
0.393116
-3.37469
1.93671
-2.43904
-0.662288
8.25669
53.2903
9.18383
26.1208
-9.45741
-7.61203
26.3299
14.7496
17.6304
9.47503
-0.104438
50.7092
-4.46782
29.5584
-11.0743
-10.2669
23.9092
12.8515
-10.1222
-5.99519
-2.93161
99.6012
18.2305
39.3505
-32.4671
-25.7644
21.0441
10.45
34.9499
13.8267
1.23287
87.0163
-38.5677
52.3228
-22.3264
-20.3451
16.1978
6.66384
-2.58369
-2.52422
-1.41964
84.3354
-10.4748
41.0387
-10.2956
-7.55735
20.343
10.0315
47.6435
15.737
0.524372
59.8735
-82.454
49.7251
0.154212
-4.28098
6.7281
2.67718
12.8352
3.00969
0.0544024
68.7845
-36.7127
43.7819
-11.0455
-7.68359
20.5188
11.2654
-39.9897
-21.8186
-5.54752
62.404
-1.32126
28.3047
19.2491
7.27434
-47.9496
-15.6738
-37.9649
70.9419
13.1352
-5.81383e-14
-228.377
299.585
123.522
0
0
0
0
0
-32.5717
0
32.5714
0
-230.031
321.019
117.674
-4.44089e-16
0
0
0
0
1.97028
1.76619
-3.50931
2.4712
-104.752
340.605
104.752
1.42828
0
0
0
0
10.9984
0.224554
-11.2107
0.381672
-210.835
539.629
21.9647
-7.5622e-14
0
0
0
0
2.65607
1.194
-3.34317
0.76947
-122.786
353.504
122.786
6.57252e-14
0
0
0
0
7.80273
0
-7.89051
0.587124
378.459
529.619
-563.826
0
0
0
0
0
-7.98847
2.53733
6.96831
0.377417
-599.526
372.613
599.526
1.08333
0
0
0
0
-57.2496
5.50811
43.3755
34.1321
543.006
197.412
-456.516
49.7035
0
0
-108.319
309.482
