0.25
0.3508
0.624062
0.23732
0.181105
0.378696
-0.797121
-1.12999
0.720186
0.172481
-0.4325
-0.8971
0.4767
-0.490301
0.630627
-0.423651
3.54788
-2.2572
-0.201546
-1.08914
-5.99998
5.98318
-3.53108
1.09526
-0.197048
-5.53915
-1.62314
0.373426
0.607505
0.361395
0.100491
0.379624
-0.841509
-1.33414
0.918404
0.0543462
-0.393384
-0.888219
0.294691
-0.54827
0.622146
-0.423042
3.46665
-2.11712
0.0259766
-1.522
-5.65008
5.55009
-3.24168
0.651523
0.248668
-5.09624
-1.62314
0.397289
0.587962
0.485204
0.0227271
0.385348
-0.895866
-1.52891
1.10068
-0.0569758
-0.370115
-0.863637
0.127482
-0.590345
0.630616
-0.409332
3.35214
-2.3917
0.471228
-1.522
-5.31066
5.10366
-3.11702
0.20575
0.68831
-4.68186
-1.17811
0.419811
0.565653
0.604923
-0.0622031
0.411999
-0.950223
-1.71429
1.26742
-0.15805
-0.362767
-0.823146
-0.0263742
-0.616576
0.684275
-0.390936
3.1231
-2.37805
0.746223
-1.522
-5.00318
4.66878
-2.83007
-0.239089
1.13375
-4.30798
-0.734467
0.441737
0.541695
0.716462
-0.135025
0.43865
-1.02009
-1.88578
1.42191
-0.25259
-0.371306
-0.766834
-0.16675
-0.626933
0.785344
-0.414691
2.7837
-1.93273
0.951436
-1.9562
-4.80161
4.32564
-2.49607
-0.61039
1.57672
-3.93051
-0.289978
0.462935
0.515082
0.818884
-0.200943
0.47263
-1.08995
-2.04821
1.57255
-0.341735
-0.393105
-0.695834
-0.296897
-0.638113
0.870111
-0.456675
2.66235
-1.84572
1.09764
-1.9562
-4.59829
4.00926
-2.18259
-0.61039
1.98801
-3.53648
0.152502
0.480497
0.489094
0.919196
-0.271212
0.511831
-1.15982
-2.2022
1.70269
-0.419685
-0.414905
-0.624833
-0.408065
-0.632666
0.917762
-0.492129
2.80873
-1.96751
1.06294
-1.9562
-4.31187
3.63383
-2.18259
-0.61039
1.98801
-3.11271
0.152502
0.498756
0.461625
1.02137
-0.34148
0.549794
-1.22968
-2.3562
1.83247
-0.497634
-0.436705
-0.553833
-0.519233
-0.62722
0.994321
-0.540743
2.86076
-1.85222
1.06294
-1.9562
-3.86794
3.41675
-2.18259
-0.61039
1.95595
-2.67485
0.152502
6.16687
-0.510139
4.89525
44.6754
-20.4428
-3.36729
-5.55838
-4.78714
14.4917
3.33552
-3.9462
-0.0359628
0.484478
68.8686
-16.0052
8.03116
-7.78634
-6.95935
30.317
16.039
-8.26563
-1.05012
1.82397
80.5286
-24.6874
10.8101
-4.48338
-5.01302
31.0436
16.2566
7.18711
3.77394
1.42503
98.4524
-28.5198
13.3604
-11.3053
-10.0837
22.1783
9.87968
8.01199
5.06206
7.4243
81.8426
-32.8456
12.5338
-4.64779
-5.32885
22.9574
11.0338
-13.4969
-4.74695
12.0278
54.2061
-31.9834
9.96853
23.5353
12.4816
28.4013
16.1894
6.94281
1.29078
8.29098
49.3477
-38.8523
7.44816
-6.30192
-8.1736
18.5646
6.72336
-8.6975
-4.83152
11.2482
30.0002
-22.7408
7.0783
-3.08054
8.13952
25.7571
13.7391
-52.1875
59.1158
28.5675
8.3461
-37.4857
207.489
-97.2895
177.583
0
0
0
0
11.8988
19.8931
-18.8614
0
-28.4415
276.113
-57.2314
167.299
0
0
0
0
10.2014
20.6687
-17.5689
0
-35.6766
294.96
-53.4254
173.623
0
0
0
0
56.1914
21.1781
-56.1914
1.80127e-15
5.1984
318.967
-21.5786
226.268
0
0
0
0
-6.99835
57.1863
12.1729
5.41346e-14
-28.6187
267.903
17.6417
186.712
0
0
0
0
-9.94649
79.3593
37.8154
0
-41.2064
201.196
20.4692
131.766
0
0
0
0
19.5063
65.7711
-13.7819
0
-44.5398
184.053
5.13703
117.092
0
0
0
0
18.6667
74.8941
13.293
16.4121
-60.7281
119.902
51.7758
82.9711
-10.3006
148.988
0
0
