0.305598
0.3508
0.624062
0.23732
0.181105
0.378696
-0.797121
-1.12999
0.720186
0.172481
-0.4325
-0.8971
0.4767
-0.490301
0.630627
-0.423651
3.54788
-2.2572
-0.201546
-1.08914
-5.99998
5.98318
-3.53108
1.09526
-0.197048
-5.53915
-1.62314
0.381258
0.601315
0.370891
0.105881
0.381129
-0.857901
-1.3681
0.980516
0.0166958
-0.384685
-0.88717
0.258328
-0.537522
0.697678
-0.545645
3.04675
-1.71229
0.28316
-1.44659
-5.45427
5.90434
-3.57788
0.670065
0.295039
-5.002
-1.08164
0.415707
0.571086
0.490411
0.0519892
0.39359
-0.935991
-1.58431
1.2321
-0.138202
-0.355416
-0.87252
0.063686
-0.561049
0.789075
-0.736299
2.54367
-1.17042
0.387117
-1.78879
-4.95227
5.55834
-3.50902
0.238203
0.415875
-4.45844
-0.538884
0.451821
0.53408
0.593412
0.0230385
0.407857
-1.02431
-1.77708
1.47419
-0.290527
-0.344985
-0.858857
-0.107754
-0.560994
0.832484
-0.903893
2.1778
-0.641416
0.0513654
-2.02299
-4.41553
5.12422
-3.49398
-0.277087
0.340264
-3.92695
0.00130449
0.486735
0.494852
0.68786
0.0183978
0.393141
-1.0994
-1.94642
1.69149
-0.432936
-0.357049
-0.832559
-0.257675
-0.537386
0.752163
-0.887777
2.06279
-0.101002
-0.396904
-1.71881
-3.8788
4.67026
-3.06386
-0.821563
0.630798
-3.43405
0.540805
0.519428
0.453932
0.772454
0.0362217
0.352174
-1.16085
-2.09477
1.89011
-0.567789
-0.397662
-0.805654
-0.407597
-0.489481
0.706685
-0.938603
1.92921
0.433535
-0.938622
-1.29061
-3.36978
4.54924
-3.15366
-1.36181
0.560249
-3.45941
1.07877
0.550853
0.407944
0.848359
0.0773906
0.291444
-1.21719
-2.23219
2.0887
-0.705476
-0.472792
-0.785952
-0.558579
-0.418732
0.7273
-1.13509
1.73863
0.943062
-1.48197
-1.25416
-3.05282
4.62986
-3.41923
-1.90598
0.0522482
-3.8566
1.62065
0.581898
0.356711
0.916615
0.142299
0.207139
-1.26605
-2.3562
2.29083
-0.851248
-0.556881
-0.783653
-0.718817
-0.32692
0.830779
-1.1752
1.42198
1.48685
-1.95683
-1.09584
-2.81463
4.46337
-3.09787
-1.92695
0.0971671
-3.67097
2.10316
13.8114
8.12186
-0.388337
65.737
12.5193
33.2807
-15.2165
-12.6988
21.7705
11.3244
20.8056
11.7137
0.84454
52.9434
-9.46368
32.5789
-6.61275
-6.72176
24.3973
12.5026
-8.17703
-4.57223
-2.62516
86.4428
14.9436
34.8939
-27.6481
-21.7264
20.1215
10.1996
24.8744
8.71878
0.223517
59.9374
-41.4122
39.2361
-11.5562
-10.0765
29.4489
14.9781
47.0778
16.3833
1.26619
83.8341
-93.6125
64.4323
-1.19949
-4.94146
34.6837
16.6854
12.5248
3.00994
-0.250676
69.8291
-12.0538
34.0875
-24.85
-19.4542
-7.08886
-4.02327
15.8809
3.1987
-0.816538
79.6833
-25.0045
46.7697
-23.5668
-18.581
1.69873
0.737485
0.0664719
-3.0913
2.32258
100
-72.4349
25.6515
13.4898
4.60775
-23.8604
-8.56764
-6.4858
0
6.48571
0
-64.7749
375.561
-66.6715
-8.04031e-15
0
0
0
0
-4.14557
0
4.14456
0
-63.8554
363.974
-63.5356
-3.04916e-14
0
0
0
0
0.45014
0.00335919
-0.451281
0
-8.58749
298.298
8.58749
0
0
0
0
0
4.03346
0.000786875
-4.03372
0
-77.5219
429.153
-72.6817
0
0
0
0
0
4.29674
-9.41867e-17
-4.29745
7.72251e-24
-118.392
697.723
-125.811
-1.11969e-14
0
0
0
0
0.117604
0.301772
-0.191622
-1.63011e-13
0.162379
275.926
-0.162379
0
0
0
0
0
-2.11896
5.13088
0.562461
0.522713
0.136214
378.808
-0.136214
3.09905
0
0
0
0
-7.86377
36.3585
-4.86172
1.14408e-13
102.456
288.937
100.917
292.129
0
0
-56.873
162.494
