1.56782
0.3508
0.624062
0.23732
0.181105
0.378696
-0.797121
-1.12999
0.720186
0.172481
-0.4325
-0.8971
0.4767
-0.490301
0.630627
-0.423651
3.54788
-2.2572
-0.201546
-1.08914
-5.99998
5.98318
-3.53108
1.09526
-0.197048
-5.53915
-1.62314
0.45139
0.540132
0.774477
-0.126561
0.329748
-0.982951
-1.94061
1.44828
-0.282069
-0.187191
-0.586198
-0.187174
-0.435197
0.450539
-0.36414
2.39591
-0.919275
-0.893636
-0.462686
-3.53406
3.18378
-2.01345
0.449271
1.38824
-2.9639
0.2463
0.525227
0.457213
0.972709
-0.0899429
0.205433
-1.08819
-2.27592
1.88647
-0.583207
0.305116
-0.389966
-0.24344
-0.368805
0.29147
-0.369454
0.880111
1.36352
0.176486
-2.06883
-1.42631
1.95609
-1.07637
2.38722
0.870069
-0.25071
1.6445
0.574088
0.374451
0.855579
0.215355
0.126092
-1.19697
-2.27055
2.22532
-0.810193
0.839826
-0.195005
0.147527
-0.000299711
0.216914
-0.369917
-0.532067
2.48934
-0.395313
-0.450624
0.0316471
1.45419
-0.868986
2.3894
0.870333
1.90338
2.17669
0.607187
0.291755
0.73621
0.513267
0.0435733
-1.29303
-2.26335
2.51994
-0.992757
0.77564
-1.93241e-05
0.588029
-0.0137267
0.126332
-0.37373
-0.531685
1.28668
-0.365643
0.200988
0.421078
1.22048
-0.0735964
-0.288718
1.13159
2.91132
-0.0718754
0.611572
0.277454
0.621797
0.67123
0.00251427
-1.29554
-2.17054
2.56807
-1.0193
0.274749
-0.00185975
0.957474
-0.061294
0.0190786
-0.0645831
0.108389
0.488974
0.365249
-0.0114282
0.40657
-0.138933
-0.176373
-2.28302
-0.165078
1.41973
-1.54959
0.611542
0.277605
0.645827
0.644151
0.00813841
-1.29813
-2.19374
2.56739
-1.02011
-0.236529
-0.304601
1.01947
-0.470357
-0.000221792
0.000826493
0.437812
-0.199963
-0.00550498
-0.349543
-0.293379
-0.00293126
0.0382737
-0.704318
-2.18958
0.25951
-2.9254
0.611479
0.277867
0.74343
0.546026
0.00838516
-1.29783
-2.29146
2.56675
-1.01872
-0.394307
-0.453613
1.01138
-1.17894
-0.00598063
1.77859
0.43663
-0.446224
1.01482
1.40028
-0.779691
1.50184
-0.921231
-0.715738
-0.663008
-0.236659
-4.47237
-0.423149
-0.563859
0.941334
69.4565
10.7687
35.6409
-10.6558
-9.09361
27.5779
14.7343
41.4514
19.4603
5.94452
85.2331
-67.9113
58.2685
20.6833
5.46051
30.0583
12.1625
28.0017
11.7035
0.0234331
99.9447
-77.2241
50.9992
21.2424
4.19731
26.6544
11.6105
10.857
-0.252647
-1.4392
99.2594
-82.5984
65.8736
7.73839
1.01977
24.2954
7.94886
3.32624
3.00839
7.1527
49.9754
-53.3319
40.905
-3.68568
-5.79569
5.17382
-1.95063
-15.8004
-8.67172
15.1584
86.766
-89.5352
75.5997
11.4368
1.00947
10.8083
0.637889
-0.53583
-1.74889
-0.0682183
46.5142
-50.2791
41.3114
16.1821
6.41112
4.42833
-2.10054
-38.7991
-5.30516
57.8364
8.26142
-99.6084
46.5781
-0.267311
49.9051
40.7032
7.17475
-849.287
10.1307
852.758
0.00829424
577.776
397.018
-716.139
0.0185728
0
0
0
0
-3530.68
1.23832
3531.12
0.00383149
2149.67
651.401
-2377.15
0.0081785
0
0
0
0
394.682
0.0928589
-394.649
0
43.1272
537.763
-97.5582
87.8358
0
0
0
0
-199.9
1.08937
200.291
0.028715
31.7214
586.15
-60.871
53.3715
0
0
0
0
284.29
41.7759
-269.178
1.65223
508.448
344.494
-508.938
11.4793
0
0
0
0
-58.9882
110.146
106.066
24.4159
-70.249
617.799
56.1832
1.82456
0
0
0
0
125.678
3.48996
-125.565
0.0715626
-1889.03
343.399
1883.73
6.83881
0
0
0
0
13.1025
348.329
108.842
0.0857796
-490.94
514.24
309.78
3.40253
59.2025
796.155
0
-5.27557e-19
