0.28587
0.3508
0.624062
0.23732
0.181105
0.378696
-0.797121
-1.12999
0.720186
0.172481
-0.4325
-0.8971
0.4767
-0.490301
0.630627
-0.423651
3.54788
-2.2572
-0.201546
-1.08914
-5.99998
5.98318
-3.53108
1.09526
-0.197048
-5.53915
-1.62314
0.378974
0.603737
0.331742
0.143946
0.372987
-0.848675
-1.31977
0.959393
0.0282765
-0.401765
-0.885814
0.262817
-0.545859
0.702582
-0.498857
3.12541
-1.77543
-0.150128
-1.32269
-5.51364
5.60652
-3.55351
0.608263
0.279045
-5.1981
-1.29113
0.40937
0.578902
0.451326
0.0883467
0.367909
-0.907582
-1.5223
1.17873
-0.107909
-0.390784
-0.863083
0.0713842
-0.58573
0.760076
-0.588572
2.77409
-1.27961
-0.125703
-1.46268
-5.02028
5.35815
-3.32738
0.134889
0.753431
-4.6939
-0.796313
0.441032
0.549301
0.559743
0.0498444
0.363746
-0.973359
-1.70666
1.38805
-0.241255
-0.385015
-0.814095
-0.109327
-0.611092
0.795366
-0.654505
2.49778
-0.855527
-0.103857
-1.62999
-4.51971
5.18019
-3.26133
0.136843
1.20229
-4.35092
-0.324933
0.473331
0.514457
0.657897
0.0279084
0.35995
-1.04574
-1.8772
1.59349
-0.374272
-0.377979
-0.764972
-0.277264
-0.62133
0.832156
-0.767731
2.3049
-0.425229
-0.095212
-1.77266
-4.13442
5.00486
-3.25012
0.149067
1.19091
-4.01882
0.135774
0.505307
0.475052
0.748964
0.0230877
0.346101
-1.11815
-2.0366
1.7942
-0.506618
-0.370161
-0.716462
-0.429952
-0.615904
0.86892
-0.871236
2.17939
0.0408801
-0.572046
-1.80249
-3.7242
4.7279
-3.23316
0.16054
1.10794
-3.53854
0.635192
0.536071
0.432726
0.835673
0.0389422
0.304047
-1.17866
-2.18488
1.98658
-0.637336
-0.362985
-0.669286
-0.563498
-0.588752
0.901083
-0.935651
2.06773
0.514636
-1.04875
-1.45264
-3.26911
4.57785
-3.24092
0.168406
1.08506
-3.03056
1.12509
0.565489
0.388519
0.909218
0.0670065
0.261378
-1.23743
-2.31033
2.17034
-0.769229
-0.371517
-0.624896
-0.677098
-0.542863
0.964834
-1.0079
1.81441
0.903201
-1.02642
-1.05543
-2.77054
4.4071
-3.02857
-0.246981
0.842846
-2.53565
1.12203
-10.5479
-6.20414
-1.86079
91.0993
19.7053
17.9599
-16.5265
-12.8305
5.0646
0.147774
14.2108
8.09537
3.98781
52.7035
-14.0859
19.7138
-11.1782
-8.97075
25.6606
13.2523
-12.5007
-8.20949
0.911988
88.4748
-1.50736
29.4626
-11.4875
-9.01221
24.4926
12.0289
26.6588
13.1945
4.53945
49.4011
-53.1165
26.8625
22.0159
9.6098
17.5378
7.90024
3.57411
-0.927438
2.07868
62.5335
-20.1444
19.1706
-22.4424
-18.5744
22.3442
12.3057
21.8845
6.66221
3.91235
47.9353
-73.7331
26.4172
22.8832
10.4008
28.2067
15.1454
16.2026
4.40477
2.36577
75.7352
-52.0789
30.726
-17.0986
-15.895
23.6825
12.7885
13.3163
7.26514
4.17874
49.6894
-41.903
33.3163
-4.46066
12.4699
1.18273
-5.2815
53.6185
10.0017
-55.3582
0.86604
16.1198
286.306
-50.671
113.44
0
0
0
0
34.5771
27.943
-44.0964
1.1752
-104.288
299.408
-9.28278
67.8763
0
0
0
0
-0.842042
32.9032
-10.7478
0.89896
-62.9502
333.16
8.91962
63.6864
0
0
0
0
-0.241032
24.7459
0.241032
0.620372
-80.4386
390.016
-79.3226
67.5696
0
0
0
0
-11.0517
25.2619
17.8364
3.15343
-17.1938
227.289
15.4827
79.6204
0
0
0
0
-112.95
25.7925
120.243
0.377365
-62.5355
377.215
-63.9894
87.7255
0
0
0
0
-75.042
16.4601
80.5139
3.74889
5.57754
333.748
-8.35485
104.159
0
0
0
0
-100.332
28.1068
100.542
1.16462
-11.2254
303.819
-1.55896
36.5252
36.7263
186.695
0
0
