0.653243
0.3508
0.624062
0.23732
0.181105
0.378696
-0.797121
-1.12999
0.720186
0.172481
-0.4325
-0.8971
0.4767
-0.490301
0.630627
-0.423651
3.54788
-2.2572
-0.201546
-1.08914
-5.99998
5.98318
-3.53108
1.09526
-0.197048
-5.53915
-1.62314
0.408191
0.575651
0.454929
0.060767
0.419872
-0.935803
-1.53858
1.19453
-0.113314
-0.299652
-0.879102
0.0551798
-0.558132
0.804855
-0.562867
2.43796
-1.17742
0.433718
-1.62138
-4.83356
4.95903
-2.65572
1.42178
0.187485
-4.50631
-0.716978
0.463166
0.516673
0.595511
0.0263116
0.461815
-1.08315
-1.82443
1.56921
-0.338205
-0.147152
-0.834819
-0.263093
-0.52256
0.888502
-0.719005
1.36916
-0.0416289
0.579835
-1.47161
-3.68314
3.92555
-2.3186
1.64022
0.453379
-3.38954
0.388965
0.51193
0.450416
0.701911
0.0381046
0.483988
-1.21977
-2.05147
1.8945
-0.539975
0.00531987
-0.693347
-0.479221
-0.448437
0.90575
-0.879963
0.506382
1.00466
-0.118795
-0.860353
-2.62354
3.14133
-1.72857
1.30149
1.52263
-2.28514
1.38619
0.548302
0.389166
0.729557
0.129205
0.466358
-1.2983
-2.17743
2.14822
-0.698375
0.0615927
-0.543783
-0.664269
-0.321799
0.744441
-0.823927
0.47309
0.869429
-1.04035
0.00899372
-1.53403
2.01723
-0.901996
0.14531
1.61562
-1.85223
1.24301
0.570205
0.365898
0.74485
0.207112
0.37415
-1.3
-2.20372
2.25478
-0.78595
-0.0136032
-0.411924
-0.881792
-0.219852
0.514406
-0.504512
1.05019
0.304588
-0.973705
-0.0847155
-0.501202
0.907009
-0.930855
-1.01386
0.573353
-2.42655
1.06599
0.578698
0.3633
0.813835
0.202915
0.269236
-1.26641
-2.25321
2.27247
-0.831497
-0.157202
-0.37575
-1.17021
-0.131224
0.404513
-0.14496
1.86894
-0.154518
-1.16954
0.405843
-0.554629
0.462891
-1.1378
-1.84271
0.359853
-3.19427
0.92291
0.605258
0.35806
0.949461
0.137618
0.159935
-1.22586
-2.32098
2.31872
-0.947205
-0.328097
-0.341649
-1.49737
-0.0497089
0.874589
1.64428
2.7608
-0.722502
-0.936601
1.14697
-0.996372
0.761758
-1.21264
-1.78153
0.482948
-3.53498
0.846752
6.83654
5.47195
7.26734
59.402
8.8399
32.9907
9.67503
1.66198
17.9085
8.18384
11.6333
6.913
4.06072
93.5113
-9.46676
47.0578
-11.62
-14.1315
22.3856
9.4772
16.7729
6.71655
-0.291965
94.4696
-48.9689
54.1625
12.7364
1.96016
22.8174
10.115
12.072
3.26453
1.13271
93.4315
-50.0832
54.1165
-2.64757
-5.23364
18.0338
8.23466
22.5168
13.4218
16.7246
94.8544
-78.4809
59.3485
-2.85794
-8.02745
-2.04702
-4.80297
20.4124
9.57932
18.1975
97.2393
-79.7464
60.5424
-7.64394
-10.4716
-5.26817
-1.43212
-5.46715
-4.33418
15.0432
87.0598
-57.2951
62.3999
17.9964
9.57075
-11.0038
-6.18284
-10.2976
0.932598
58.0454
76.7966
-91.1558
86.9086
-17.0081
48.4627
-34.4192
-7.59383
256.111
53.174
-241.908
0.067628
-73.611
373.004
-52.1798
7.0519
0
0
0
0
-247.772
24.7392
256.529
1.11463e-15
322.885
475.379
-430.282
2.31967
0
0
0
0
669.913
0.132722
-667.976
0
446.395
551.863
-578.404
12.235
0
0
0
0
1178.11
3.87141
-1177.02
0.166603
183.414
496.407
-258.729
5.68267
0
0
0
0
2028.44
25.6188
-2022.45
2.71429
-75.4701
560.834
-37.2297
15.1138
0
0
0
0
567.172
92.5263
-541.773
6.69984
56.3435
557.986
-107.139
36.4363
0
0
0
0
502.684
89.1798
-467.849
10.3504
138.487
518.576
-151.838
15.6843
0
0
0
0
131.174
370.131
2.03773
10.4733
-148.144
752.416
125.19
38.0593
413.495
1182.07
0
0
