1.64979
0.3508
0.624062
0.23732
0.181105
0.378696
-0.797121
-1.12999
0.720186
0.172481
-0.4325
-0.8971
0.4767
-0.490301
0.630627
-0.423651
3.54788
-2.2572
-0.201546
-1.08914
-5.99998
5.98318
-3.53108
1.09526
-0.197048
-5.53915
-1.62314
0.557858
0.459704
0.903589
-0.0696513
0.320823
-0.835022
-2.08018
2.13033
-0.482464
-0.179736
-0.542343
-0.147871
-0.424719
0.862737
-0.481052
2.55018
-0.609443
-0.246514
0.435981
-3.13827
3.04407
-2.77112
0.619202
1.50351
-2.64998
0.277243
0.65425
0.329816
1.34523
-0.201537
0.26295
-0.991953
-2.3562
2.618
-0.815251
-0.0658939
-0.209689
-0.213106
-0.304731
0.669907
-1.96253
0.162557
1.37326
1.67901
-0.797203
-1.01021
0.52874
-0.267051
1.13264
0.415025
-0.162811
0.510331
0.646742
0.286745
0.936488
0.121893
0.548402
-1.18062
-2.33535
2.57035
-0.795635
-0.125107
-0.111287
-0.192726
-0.165255
0.559589
-3.56605
-1.63416
1.62582
1.21109
1.26037
0.678486
-2.22435
2.01764
-0.776578
0.418689
0.319874
0.674658
0.510357
0.418576
0.488479
0.0942601
0.833854
-1.2079
-1.92845
2.00004
-0.5581
-0.703575
-0.0128844
-0.355254
-0.00613247
0.0640965
-3.92025
-0.964231
-0.291031
1.41672
-0.152173
1.8383
-2.64612
0.487132
-2.45655
1.71056
-1.33522
0.746612
0.383306
0.491206
0.21101
-0.0114047
1.16851
-1.24378
-1.5641
1.48473
-0.142561
-1.28204
5.37928e-14
-0.840707
-0.155245
-0.557711
-2.94197
1.27733
-0.817605
1.5889
-0.153272
0.186736
-2.12243
1.81288
-0.639865
0.0546266
-2.0562
-0.633727
0.251093
0.495237
0.409597
-0.609051
1.54272
-1.23022
-1.71506
1.01361
0.27934
-1.33922
-0.00400638
-1.34386
-0.304357
-0.561172
-1.20476
2.80784
-2.68111
1.54207
0.0749688
-1.0784
-1.99832
1.67689
2.00707
-0.0171971
-2.13281
0.725369
0.124326
0.443627
1.06978
-1.66408
1.92651
-1.28355
-2.34345
0.542486
0.674702
-0.866133
-0.00801277
-1.90527
-0.133194
0.415608
0.0643519
3.72996
-4.93007
1.63075
-1.01663
-2.69944
-1.83031
2.30343
4.22488
-0.0197025
-2.37961
3.61192
-25.9391
-11.4758
29.0342
55.9251
7.73141
8.0715
-12.6394
-8.60012
27.311
14.6565
85.8079
76.4624
69.477
30.1749
-81.5674
76.9006
22.8513
7.10607
28.6538
12.93
44.032
43.1053
41.031
33.6985
-0.00837101
58.5894
-18.7553
-15.4625
4.90681
-1.46696
30.4554
38.9867
47.4341
50.0257
-29.9012
57.2575
1.68158
0.177227
5.47722
1.74767
19.8553
7.97751
19.4045
48.7352
-78.8888
34.4024
5.91531
3.08024
-1.97295
-3.16853
-26.9397
-60.7314
43.8752
63.9142
-51.0648
13.4198
-5.46362
2.5401
-11.1913
-2.05953
-16.5423
-66.2913
40.3261
82.8036
1.70329
-15.2422
4.45156
7.29548
-7.23249
2.09869
31.1446
-60.099
59.2961
92.1461
51.9514
15.6449
35.092
20.7881
2.2735
5.30573
2230.92
214.242
-2200.5
4.80876
333.285
184.043
-378.193
93.6612
0
0
0
0
957.963
6.82076
-957.963
0
522.702
478.518
-686.176
-2.26751e-14
0
0
0
0
438.391
3.01638
-439.461
-7.99914e-15
452.775
40.2758
-488.637
109.215
0
0
0
0
525.172
3.41151
-525.172
0
461.661
271.404
-507.3
0.47745
0
0
0
0
164.445
85.5064
-133.596
2.62625
429.446
423.637
-578.148
40.2196
0
0
0
0
-106.956
360.974
254.831
69.66
-105.183
347.987
-63.622
149.135
0
0
0
0
276.43
296.67
-140.719
90.6043
-1.50098
121.66
-46.1224
253.354
0
0
0
0
266.582
402.818
-108.156
49.8272
31.148
192.196
-51.8914
61.5152
20.2574
57.7034
0
0
