0.281236
0.3508
0.624062
0.23732
0.181105
0.378696
-0.797121
-1.12999
0.720186
0.172481
-0.4325
-0.8971
0.4767
-0.490301
0.630627
-0.423651
3.54788
-2.2572
-0.201546
-1.08914
-5.99998
5.98318
-3.53108
1.09526
-0.197048
-5.53915
-1.62314
0.377672
0.604963
0.368867
0.105235
0.370599
-0.844701
-1.35128
0.947172
0.0332536
-0.388496
-0.888784
0.254156
-0.535616
0.63703
-0.396304
3.22024
-1.77716
0.207955
-1.29925
-5.50264
5.48252
-3.24568
1.14539
0.251365
-5.30323
-1.12345
0.404471
0.582571
0.492893
0.0329228
0.376551
-0.902367
-1.5535
1.14817
-0.087561
-0.344493
-0.880467
0.0418221
-0.561268
0.610793
-0.352815
3.05221
-1.29682
0.146257
-1.48775
-5.01511
4.98619
-2.99607
1.16589
0.300848
-4.86749
-0.627772
0.432866
0.556584
0.607543
-0.0208858
0.37544
-0.962097
-1.73836
1.33919
-0.208376
-0.300489
-0.867767
-0.153242
-0.567853
0.656526
-0.41737
2.78904
-0.806961
-0.326397
-1.17764
-4.57237
4.72534
-2.82732
1.18827
0.421291
-4.37286
-0.145331
0.461206
0.529537
0.71525
-0.0537856
0.348287
-1.00975
-1.90437
1.51193
-0.322804
-0.256486
-0.855067
-0.328742
-0.554811
0.693478
-0.572928
2.62511
-0.337618
-0.818739
-0.938673
-4.09226
4.26613
-2.66852
1.2282
0.421765
-3.87621
0.351544
0.491006
0.498913
0.820764
-0.0667668
0.296189
-1.05019
-2.0638
1.68466
-0.441629
-0.212482
-0.842367
-0.484605
-0.532684
0.716521
-0.749749
2.56531
0.0582487
-1.31645
-1.1631
-3.78878
4.30856
-2.98886
1.25963
0.379746
-3.38184
0.851024
0.520026
0.463999
0.919397
-0.0686526
0.244091
-1.09622
-2.21555
1.85739
-0.561594
-0.168478
-0.832983
-0.620962
-0.480299
0.787913
-0.993651
2.37739
0.222717
-1.31662
-1.16345
-3.45177
4.33224
-2.99149
0.965076
0.329538
-2.88533
1.34268
0.547625
0.425057
1.00763
-0.0573693
0.191993
-1.14225
-2.3562
2.03013
-0.681559
-0.136405
-0.827142
-0.737626
-0.413396
0.844686
-1.06333
2.09696
0.40973
-0.82312
-0.680086
-2.95516
3.88769
-2.57405
0.798919
-0.103742
-2.4109
1.70141
28.8247
15.5389
2.23543
50.077
-22.6052
10.8589
12.7784
3.37738
11.5121
4.69672
28.8383
13.2279
1.35572
60.7855
-35.2299
21.4191
1.15077
-3.53093
27.552
13.1866
30.6684
10.8029
1.09791
62.7575
-58.5364
20.1568
5.49488
-4.48113
33.6594
16.9074
-8.55148
-4.66907
-0.643225
79.2951
-1.23714
26.6198
-2.04012
-4.31398
20.5783
10.3188
38.3825
13.2398
0.673936
10.9206
-71.4776
11.9207
8.39583
-1.69372
34.9191
19.876
-11.5805
-7.72558
-1.73467
47.255
-4.79888
22.0727
2.5861
0.281565
22.7427
13.3013
6.29085
5.31847
2.4335
39.812
-14.8251
19.4869
-20.6639
-17.3649
24.2406
14.4347
1.47295
0.848277
5.68677
54.2773
-59.4986
14.6945
-1.61505
-13.1802
-5.06517
18.103
-0.226555
4.62648
0.183535
0
-88.7474
353.722
-88.623
153.051
0
0
0
0
-3.8498
9.90248
2.08433
-9.91921e-15
-95.5491
421.169
-93.2888
118.368
0
0
0
0
-0.0385185
7.00312
0.000751011
-1.08045e-13
-102.446
436.486
-102.023
147.616
0
0
0
0
1.77148
4.8318
-3.38949
0
-2.38592
270.109
-1.67618
55.9861
0
0
0
0
0.119799
0
-0.186336
1.0865e-13
-97.4281
285.373
-82.3627
64.9909
0
0
0
0
-1.95627
11.4864
-2.06454
0
1.04929
190.343
1.75135
15.9174
0
0
0
0
-0.0554908
10.0125
0.0420574
0
-0.070415
163.987
0.0754089
15.0772
0
0
0
0
-12.0433
55.7177
-11.8769
-3.80201e-14
15.3724
249.679
15.4408
181.718
0
0
-22.7879
356.006
