0.306967
0.3508
0.624062
0.23732
0.181105
0.378696
-0.797121
-1.12999
0.720186
0.172481
-0.4325
-0.8971
0.4767
-0.490301
0.630627
-0.423651
3.54788
-2.2572
-0.201546
-1.08914
-5.99998
5.98318
-3.53108
1.09526
-0.197048
-5.53915
-1.62314
0.381148
0.602262
0.375375
0.105919
0.369979
-0.851273
-1.36906
0.974736
0.0189529
-0.389567
-0.881708
0.245145
-0.538345
0.744847
-0.600061
3.00268
-1.71451
-0.198773
-1.29556
-5.45184
5.80461
-3.50101
0.552959
0.351017
-5.28031
-1.0956
0.415313
0.574075
0.500399
0.0543679
0.361649
-0.916416
-1.58478
1.21691
-0.132529
-0.379081
-0.842384
0.0242409
-0.562814
0.81495
-0.76002
2.52571
-1.17557
-0.189959
-1.70152
-4.91913
5.41904
-3.44873
0.00532508
0.896127
-5.03744
-0.557963
0.451051
0.53964
0.609308
0.0263079
0.355173
-0.990788
-1.77713
1.44953
-0.2817
-0.401316
-0.779121
-0.187326
-0.563589
0.76887
-0.792466
2.26562
-0.636226
-0.147691
-1.67968
-4.38639
5.04828
-3.0988
-0.536652
1.44264
-4.82451
-0.0176741
0.484776
0.502451
0.707474
0.0147091
0.338882
-1.06106
-1.94713
1.65941
-0.419751
-0.447394
-0.691889
-0.388677
-0.541291
0.769899
-0.865832
1.93588
-0.0943775
-0.448306
-1.50986
-3.8766
4.78614
-3.15316
-1.0808
1.98921
-4.59156
0.508462
0.517805
0.46032
0.785756
0.0338552
0.310933
-1.13054
-2.09343
1.86518
-0.557504
-0.516918
-0.580819
-0.58308
-0.510072
0.759281
-0.960741
1.68787
0.436603
-0.760978
-1.58485
-3.33669
4.67573
-3.07713
-1.61546
2.53281
-4.38511
1.05599
0.549699
0.412492
0.854911
0.0768734
0.265265
-1.19705
-2.22931
2.07202
-0.697623
-0.610619
-0.445956
-0.775378
-0.463764
0.727292
-1.09639
1.57701
0.980976
-1.28664
-1.359
-2.89368
4.81161
-3.27766
-2.15579
3.07462
-4.16489
1.59484
0.579949
0.360501
0.920905
0.143257
0.184812
-1.24898
-2.3562
2.27665
-0.841356
-0.725827
-0.288712
-0.958019
-0.393826
0.689833
-1.2329
1.50492
1.51207
-1.83463
-0.989906
-2.45731
4.73253
-2.87132
-2.62718
3.58574
-3.81398
1.93622
13.4421
9.37434
1.06162
50.4377
11.8957
26.6285
-14.1488
-11.0251
19.7402
11.1078
-14.9918
-8.73581
-2.35686
88.5014
24.3574
30.4319
-15.1918
-11.1451
3.11145
0.426937
26.8545
13.7463
1.08413
60.5358
-23.3865
38.0937
-10.2238
-8.49716
26.1061
12.5339
39.2857
13.6255
0.835679
87.3156
-61.5329
57.5809
-1.237
-4.02965
15.4602
5.47896
1.7064
0.475209
-1.00837
91.0726
-9.02984
44.3236
-14.3973
-9.98276
18.0856
8.46869
45.7041
15.0163
0.300832
71.7652
-82.9544
55.2259
1.88551
-0.547959
12.6141
5.75401
8.99613
1.78247
-0.0186586
43.3784
-23.8887
27.556
-10.1293
-5.33123
20.644
12.1444
49.866
16.1093
0.700873
50.507
-99.4244
51.7535
6.46839
5.03403
12.5314
5.40844
-31.5406
0
31.5406
0
60.096
280.202
-158.167
0
0
0
0
0
232.936
8.24366
-235.851
0.0854301
-7.01428
282.652
7.01428
18.6022
0
0
0
0
-89.53
0
89.53
0
-74.8004
414.888
-70.4104
0
0
0
0
0
-224.991
0
225.039
0
-107.092
633.524
-114.641
0
0
0
0
0
68.3469
0
-68.3469
0
-1.90466
366.356
1.90466
0
0
0
0
0
171.906
0
-171.906
-3.34166e-17
-59.4375
582.903
-144.578
0
0
0
0
0
67.7316
0.0263515
-67.7341
0
-22.2762
230.402
22.2762
0.496302
0
0
0
0
5.19212
0.519411
-5.12364
0
-128.948
533.159
-57.8287
0.488923
0.539903
37.7161
0
0
