3.20889
0.3508
0.624062
0.23732
0.181105
0.378696
-0.797121
-1.12999
0.720186
0.172481
-0.4325
-0.8971
0.4767
-0.490301
0.630627
-0.423651
3.54788
-2.2572
-0.201546
-1.08914
-5.99998
5.98318
-3.53108
1.09526
-0.197048
-5.53915
-1.62314
0.574838
0.376431
1.57674
-0.594974
0.273142
-1.29139
-2.3562
2.32114
-1.25171
0.0695786
-0.441192
-0.139596
-0.592026
1.57471
0.585207
3.56003
-2.57974
-0.555293
-0.37367
-1.93943
3.49175
-3.0724
-0.571268
1.02058
-1.34412
-0.221652
0.719951
0.206278
3.14099
-1.77776
0.0680492
-1.29986
-2.26475
2.618
-1.3
-0.191926
-0.392002
-0.215959
-0.693751
1.81678
-0.399446
3.0489
-1.76467
-0.308405
0.948668
2.75569
-0.809333
2.65626
-2.09016
-0.330858
-0.0672481
2.76798
0.662211
0.025
3.14159
-1.51316
0.000918765
-1.3
-1.00167
2.618
0.733
-0.344129
-0.458285
-0.246761
-0.396817
-0.126391
0.848526
-1.09981
2.04186
0.78763
-0.000942925
-2.03706
-1.75714e-14
4.43615
-0.327549
0.202334
0.491089
2.24134
0.61045
0.272623
2.48906
-1.41046
0.381103
-1.3
-1.78422
2.618
0.733
-0.066173
-0.357245
-0.0661327
-0.487278
-1.24897
0.516604
-3.07486
0.155067
4.2141
0.841276
-0.815106
-3.64856
-0.00171417
2.52924
3.21357
0.383055
-0.197503
0.19079
0.528533
1.07907
-1.38709
1.50805
-1.20034
-2.14249
0.424864
0.726885
0.114089
0
-0.210215
-0.286493
0.186261
-1.47141
-1.71643
3.18106
0.574013
-1.01128
2.22269
-4.78481
-0.0127041
0.394104
0.773648
-0.448295
0.880285
0.224581
0.583501
0.392538
-0.528677
1.18856
-1.05229
-1.13626
0.0221251
0.72077
0.356417
-0.218695
0.223925
-0.320565
0.0139784
0.120014
0.113524
1.7155
-1.25321
0.451581
-2.57737
-0.797765
-1.86884
0.695848
-3.10682
1.13312
-0.343841
0.29539
0.638479
1.72899
-1.5151
0.614894
-0.828792
-2.34299
0.0384295
0.575567
-0.569308
-1.03339
0.328459
-1.04558
0.187029
2.44295
3.57945
-2.76651
-1.11256
2.60506
-5.27006
0.180207
2.79638
-2.22697
-0.466075
-1.65195
-2.01709
-52.8392
-24.365
27.1515
97.2026
35.8387
34.8635
-15.9858
-13.367
21.912
9.98427
99.9918
97.8038
100
30.2758
-83.288
100
34.4808
15.6696
34.1675
15.1578
-34.8718
10.0634
67.0385
18.6901
100
38.5314
-25.8491
-16.0672
13.1999
7.18893
0.915855
43.5981
100
-53.4652
100
-100
31.338
19.2767
-18.1238
-11.1831
-18.61
41.8849
100
68.0483
99.1283
99.8056
7.59196
3.13277
14.3478
5.9382
24.8691
-63.3628
28.0378
12.8504
23.7447
23.1151
-7.98331
-7.55975
5.98287
3.37996
14.1382
-26.8124
53.7274
89.2093
27.0304
-50.7111
37.7579
14.8308
27.6193
8.20299
-1.31323
-14.8098
14.2288
22.3511
16.2086
3.72098
-14.1151
12.8608
1.57683
-3.80627
-7653.7
229.447
7656.27
1.07612e-13
5652.94
322.611
-5766.03
0.024961
0
0
0
0
-11394.5
27.4151
11400.1
6.18086e-14
770.828
568.995
-770.51
0
0
0
0
0
1455.34
204.274
-1455.34
-1.76761e-13
172.7
12.7055
-263.288
245.508
0
0
0
0
1693.83
35.8425
-1770.58
183.462
633.892
76.0467
-706.211
571.625
0
0
0
0
2848.93
69.4872
-2848.93
88.86
-549.088
32.5259
525.196
35.7017
0
0
0
0
562.952
230.933
-423.859
166.474
1088.99
-2.72554e-16
-1089.02
7.75538e-15
0
0
0
0
9411.83
358.88
-9282.94
9.39568
184.84
213.247
-441.33
519.583
0
0
0
0
-8950.05
129.957
9041.95
132.624
34.6624
9.10462
-34.6624
13.7711
57.708
164.848
0
0
