0.266691
0.3508
0.624062
0.23732
0.181105
0.378696
-0.797121
-1.12999
0.720186
0.172481
-0.4325
-0.8971
0.4767
-0.490301
0.630627
-0.423651
3.54788
-2.2572
-0.201546
-1.08914
-5.99998
5.98318
-3.53108
1.09526
-0.197048
-5.53915
-1.62314
0.375375
0.606675
0.368041
0.101361
0.371017
-0.84042
-1.34437
0.930003
0.046328
-0.376141
-0.904608
0.267421
-0.534051
0.635129
-0.423232
3.35219
-1.78945
-0.20979
-1.27843
-5.52513
5.50695
-3.16102
1.48381
-0.439146
-5.49258
-1.14807
0.401833
0.585872
0.49293
0.0330155
0.36327
-0.889216
-1.54278
1.12391
-0.074065
-0.301943
-0.921229
0.0577533
-0.559903
0.69948
-0.463242
3.02806
-1.31884
-0.272505
-1.32118
-5.09166
5.08933
-3.04035
1.95468
-0.810726
-5.51301
-0.677907
0.42915
0.562874
0.608367
-0.0166103
0.343217
-0.934974
-1.72142
1.30191
-0.188864
-0.227745
-0.940968
-0.153598
-0.567716
0.720237
-0.521414
2.89208
-1.01842
-0.67055
-1.07659
-4.6692
4.67134
-2.99102
1.94948
-1.06188
-5.54728
-0.204181
0.456503
0.537884
0.720046
-0.0540944
0.310223
-0.976175
-1.8884
1.46775
-0.299403
-0.153795
-0.981147
-0.355665
-0.557551
0.711539
-0.560798
2.92907
-0.83388
-1.14487
-0.890825
-4.37941
4.20105
-2.80635
1.50236
-1.31687
-5.30128
0.267959
0.48342
0.512065
0.83783
-0.0836649
0.249235
-1.0034
-2.05221
1.62028
-0.405896
-0.096888
-1.03087
-0.540832
-0.531893
0.734439
-0.616761
2.94976
-0.631021
-1.61363
-0.779028
-4.22639
3.98661
-2.79493
1.13751
-1.7872
-4.85418
0.734645
0.509221
0.483832
0.950951
-0.0995272
0.172564
-1.02399
-2.2085
1.76785
-0.510304
-0.0538742
-1.0984
-0.708045
-0.485946
0.77336
-0.673601
2.98616
-0.327044
-2.08758
-0.513821
-3.8732
3.68482
-2.57579
0.870165
-2.2516
-4.38154
1.20758
0.53173
0.455181
1.05915
-0.11224
0.0935265
-1.04044
-2.3562
1.90259
-0.605545
-0.0210912
-1.18346
-0.857544
-0.432384
0.850846
-0.711384
2.81132
0.0124054
-2.07627
-0.0428346
-3.40015
3.37116
-2.36039
0.824291
-2.28046
-3.9163
1.41023
20.164
7.5875
1.43369
46.6462
-23.2604
3.19423
3.18921
-4.51391
12.9776
6.37034
30.841
14.0667
1.32541
44.4818
-40.1428
6.5864
7.96951
-3.01635
17.5816
8.61445
-3.55152
-2.16454
-0.22697
100
-7.41232
13.1352
-1.38566
-10.1626
1.06387
-1.51289
23.8187
6.9937
0.85682
41.1257
-54.8077
6.62164
-7.83403
-9.43968
23.5233
12.8594
3.80541
-1.04823
0.039575
78.9158
-33.0956
13.7471
-19.1999
-18.8868
26.9322
14.3972
18.9882
4.66815
0.512829
36.9116
-55.1155
9.233
-10.1466
-12.2672
34.2661
19.5943
12.1123
2.38061
2.91635
64.485
-50.4373
13.1277
-10.1654
-13.411
29.0957
16.2766
-5.57681
-2.09917
5.74151
33.0551
-44.6749
8.63976
15.3082
3.11352
7.13127
15.3737
-1.0162
10.4686
-1.0213
5.66887e-16
-78.8695
284.848
-79.613
167.959
0
0
0
0
0.120858
7.25359
0.213618
5.04272e-14
-84.0878
310.636
-81.353
162.052
0
0
0
0
-1.02993
7.5873
-0.873829
3.94317e-14
-2.39763
277.142
-2.87728
182.686
0
0
0
0
-1.32759
7.22602
-1.20157
3.49036e-15
-70.4701
261.456
-70.1495
140.314
0
0
0
0
-2.11949
11.8065
-2.03926
-8.41267e-18
-1.74276
266.744
-1.6475
171.675
0
0
0
0
-1.73905
10.0757
-1.78746
-1.89766e-15
-41.2604
232.529
-41.5122
129.531
0
0
0
0
-2.46764
25.8711
-2.48628
0
-2.54868
240.488
-2.46126
161.488
0
0
0
0
-6.22288
53.7856
-6.1943
11.5658
0.45544
171.7
0.448231
129.327
0
0
-24.7473
218.41
