0.300677
0.3508
0.624062
0.23732
0.181105
0.378696
-0.797121
-1.12999
0.720186
0.172481
-0.4325
-0.8971
0.4767
-0.490301
0.630627
-0.423651
3.54788
-2.2572
-0.201546
-1.08914
-5.99998
5.98318
-3.53108
1.09526
-0.197048
-5.53915
-1.62314
0.379867
0.603263
0.374785
0.103935
0.370039
-0.848759
-1.36465
0.964874
0.0249872
-0.408472
-0.882547
0.261492
-0.537115
0.68065
-0.533965
3.10617
-1.72118
0.121271
-1.20221
-5.46306
5.52723
-3.18877
0.559397
0.338817
-5.01021
-1.08987
0.409534
0.578162
0.503001
0.0339618
0.375249
-0.912212
-1.57629
1.18263
-0.109341
-0.407444
-0.845002
0.0690066
-0.561039
0.699862
-0.635951
2.74804
-1.18522
0.289535
-1.58722
-4.92729
5.06964
-2.99194
0.0239365
0.875164
-4.48065
-0.556965
0.439596
0.549733
0.618343
-0.0168039
0.375705
-0.977244
-1.76493
1.38299
-0.236404
-0.429386
-0.784374
-0.100646
-0.562078
0.669772
-0.666314
2.5476
-0.652842
0.00944082
-1.43659
-4.39151
4.68105
-2.7849
-0.510846
1.41146
-3.94965
-0.0241856
0.46954
0.518488
0.719781
-0.0444789
0.363649
-1.03895
-1.93155
1.57064
-0.358874
-0.47427
-0.700851
-0.247331
-0.540095
0.692277
-0.727464
2.27939
-0.122835
-0.524027
-1.21396
-3.87918
4.36878
-2.85514
-1.04493
1.94448
-3.41493
0.511769
0.501524
0.482658
0.804003
-0.0310537
0.318147
-1.0911
-2.07611
1.7604
-0.488292
-0.541828
-0.59488
-0.371128
-0.495292
0.786758
-0.916652
1.85642
0.398803
-1.05935
-1.46027
-3.36539
4.41759
-3.33957
-1.5728
2.4671
-2.88209
1.04739
0.535319
0.437054
0.878782
0.00820652
0.266501
-1.15349
-2.21741
1.97037
-0.631739
-0.63197
-0.466953
-0.471934
-0.427703
0.786969
-1.06654
1.74012
0.914011
-1.54896
-1.39845
-3.20596
4.88837
-3.4794
-2.10284
2.98978
-2.34684
1.57353
0.567608
0.385175
0.952289
0.0702802
0.183987
-1.20656
-2.3562
2.18329
-0.779382
-0.722112
-0.326881
-0.549888
-0.33711
0.751701
-1.20817
1.65437
1.44513
-2.05361
-1.2355
-3.19446
5.04002
-3.33964
-2.08332
3.26102
-1.81481
2.10909
16.9254
9.5281
1.10368
57.048
6.83139
31.9593
-13.4422
-10.9963
22.7034
12.0364
20.6074
10.3868
-0.0321196
56.7566
-9.23753
34.0464
-11.1752
-9.24696
25.8829
13.3335
22.5592
9.18636
-0.137146
65.0385
-25.3939
39.0537
-8.08265
-7.33162
28.7658
14.3057
33.9033
11.9924
0.997753
63.5686
-64.0595
32.0808
-2.49471
-3.96888
34.4452
17.4224
-0.309963
-2.4402
-2.16787
91.3912
-20.2488
31.1728
-12.2137
-8.92017
22.3468
11.0788
-1.10032
-3.0808
-2.34176
78.2519
-14.6698
28.8159
-13.3553
-8.40576
20.9674
11.06
48.2783
17.2541
1.82556
13.2034
-98.4362
18.8773
2.51565
1.51604
36.4133
20.5486
-7.5978
-8.60893
-2.43029
3.76612
-15.3142
8.93539
-36.1693
-12.587
25.7496
13.5853
-0.231213
0.00453053
0.232799
0
-62.1964
364.735
-65.5808
0.342865
0
0
0
0
-0.00651628
0.0421943
0.0212843
0
-69.0391
380.795
-64.2392
0
0
0
0
0
0.428952
-1.25458e-15
-0.426689
0
-80.1102
441.723
-74.4927
0
0
0
0
0
0.62517
0.320382
-0.471137
-1.01277e-13
-98.8732
466.553
-94.3934
85.6371
0
0
0
0
-0.330065
0
0.066276
0.828425
-1.16652
333.732
1.16652
78.6631
0
0
0
0
0.310608
0
-0.403251
0
-1.142
273.26
1.142
58.5208
0
0
0
0
-0.0577376
0
0.0496748
0
-80.222
350.996
-78.6066
104.676
0
0
0
0
-4.10709
11.722
-4.23821
12.2077
-0.0727308
87.2589
0.0727878
8.51548
-76.8813
252.501
0
0
