0.309687
0.3508
0.624062
0.23732
0.181105
0.378696
-0.797121
-1.12999
0.720186
0.172481
-0.4325
-0.8971
0.4767
-0.490301
0.630627
-0.423651
3.54788
-2.2572
-0.201546
-1.08914
-5.99998
5.98318
-3.53108
1.09526
-0.197048
-5.53915
-1.62314
0.381641
0.601457
0.374259
0.105702
0.375418
-0.855379
-1.37097
0.980915
0.0157923
-0.359644
-0.882499
0.255732
-0.537779
0.715678
-0.534124
3.05053
-1.70437
-0.059826
-1.43294
-5.44697
5.62915
-3.5417
1.64681
0.330043
-4.99465
-1.07318
0.415363
0.573702
0.501955
0.0511958
0.365777
-0.918928
-1.58752
1.21881
-0.133243
-0.262461
-0.858556
0.0589423
-0.560928
0.762226
-0.649955
2.67221
-1.152
-0.217919
-1.43804
-4.89496
5.1714
-3.28452
2.19667
0.44636
-4.44813
-0.523253
0.449084
0.542927
0.619998
0.0172671
0.340199
-0.977464
-1.77968
1.43174
-0.272058
-0.141287
-0.834613
-0.123703
-0.55968
0.737253
-0.698232
2.45594
-0.60918
-0.635817
-1.29316
-4.34334
4.71554
-3.06032
2.73896
0.0941568
-4.12841
0.0282326
0.482513
0.508485
0.723469
0.00915373
0.298971
-1.03159
-1.94888
1.6324
-0.406986
-0.015006
-0.830448
-0.291946
-0.534131
0.745541
-0.791649
2.12488
-0.0588856
-0.933644
-1.22238
-3.8246
4.52351
-3.0339
2.85439
-0.346271
-3.80285
0.57748
0.515698
0.467916
0.805081
0.0309138
0.254995
-1.09099
-2.09557
1.83497
-0.544482
0.111275
-0.845767
-0.449902
-0.485339
0.740986
-0.933172
1.83043
0.492251
-1.02543
-1.35084
-3.28598
4.60116
-3.16691
2.44598
-0.588215
-3.57035
1.12822
0.54848
0.419008
0.87258
0.0771216
0.209974
-1.15968
-2.23222
2.0485
-0.688864
0.219711
-0.87184
-0.598709
-0.411078
0.743347
-1.13006
1.52569
1.04446
-0.772305
-1.84646
-2.93312
5.1126
-3.51719
2.45106
-0.73223
-3.36354
1.67856
0.581367
0.357164
0.916203
0.147763
0.195984
-1.25995
-2.3562
2.28885
-0.848849
0.330736
-0.91415
-0.724856
-0.314804
0.838677
-1.42143
0.985762
1.59674
-0.222932
-2.35067
-2.78566
5.55754
-3.99813
2.84631
-1.10399
-2.85087
2.17614
10.6235
6.20842
-0.276814
47.0896
0.133277
26.6083
15.6715
5.5465
21.7928
11.5235
9.96947
4.71786
-1.0197
56.7353
-9.40736
34.474
17.5455
5.70339
23.9252
12.1301
18.4089
6.63049
0.507864
62.1695
-30.9199
37.69
10.8098
-2.11013
28.2816
14.4454
30.6637
9.93787
-0.335456
79.1489
-56.3427
50.1369
14.7479
-1.79039
20.0688
9.1129
6.99775
2.55187
-0.0127462
95.537
-16.7602
45.1948
-17.7494
-19.7562
21.6258
10.3689
40.2754
14.7759
0.103493
55.6667
-63.8986
41.3786
-5.87911
-9.24046
12.9582
6.20424
14.4347
7.76358
-0.416295
60.9839
-32.9428
36.9445
7.945
-2.35278
16.025
8.3804
1.90055
1.85457
0.669624
55.1428
-17.3788
24.9267
-3.51603
-10.1327
-7.53291
-1.21194
17.8136
0
-17.8128
0
-6.24457
344.561
-119.949
15.993
0
0
0
0
0.911595
0
-0.911495
0
-46.2465
384.14
-88.2026
-9.52397e-14
0
0
0
0
-2.54537
0
2.54492
0
16.9133
435.879
-169.197
7.88055
0
0
0
0
-0.408215
0
0.407257
3.05311e-16
-16.0726
564.005
-186.277
14.1363
0
0
0
0
0.313533
2.16743
-1.03799
0.0294826
6.9069
400.876
-25.9087
15.664
0
0
0
0
0.0136102
0
-0.0142566
-2.08167e-17
-91.9467
445.389
-67.3183
9.65386
0
0
0
0
8.44083
3.25819e-16
-8.48456
-1.35525e-20
0.0782077
327.423
-0.0782077
23.7056
0
0
0
0
6.97352
19.2941
-14.0656
0.968862
67.6641
197.396
26.5767
71.8634
0
0
-27.9883
91.6202
