0.279112
0.3508
0.624062
0.23732
0.181105
0.378696
-0.797121
-1.12999
0.720186
0.172481
-0.4325
-0.8971
0.4767
-0.490301
0.630627
-0.423651
3.54788
-2.2572
-0.201546
-1.08914
-5.99998
5.98318
-3.53108
1.09526
-0.197048
-5.53915
-1.62314
0.377936
0.604651
0.364967
0.109268
0.37157
-0.845806
-1.34939
0.950486
0.0339336
-0.408671
-0.885092
0.27293
-0.535908
0.68706
-0.55851
3.15929
-1.78492
0.282107
-1.32434
-5.50242
5.49127
-3.13739
0.597608
0.301181
-5.09974
-1.12803
0.404843
0.581626
0.485782
0.0380813
0.383241
-0.907104
-1.5491
1.15333
-0.0900084
-0.404363
-0.854126
0.0868721
-0.575224
0.673145
-0.632954
2.99759
-1.80131
0.494592
-1.54926
-5.00631
5.02004
-2.83497
0.107981
0.797419
-4.6387
-0.979709
0.430726
0.556108
0.605343
-0.0343284
0.402917
-0.973932
-1.73842
1.33574
-0.202659
-0.419865
-0.802528
-0.0958021
-0.610349
0.605059
-0.612584
3.00232
-1.81597
0.223986
-1.75479
-4.52045
4.54789
-2.61239
-0.388853
1.29413
-4.58087
-0.871835
0.455989
0.529706
0.714522
-0.0879002
0.406494
-1.03312
-1.9073
1.50029
-0.30751
-0.455074
-0.731184
-0.275372
-0.631493
0.632318
-0.660791
2.73735
-1.3209
-0.17607
-1.4601
-4.21899
4.12675
-2.64261
-0.883122
1.78935
-4.49764
-0.396979
0.482009
0.500739
0.815806
-0.121634
0.39361
-1.08775
-2.06376
1.66132
-0.41336
-0.509603
-0.640664
-0.443751
-0.6259
0.663557
-0.730055
2.49354
-0.829988
-0.552843
-1.20472
-3.90376
3.922
-2.66313
-1.36767
2.27021
-4.19329
0.0994839
0.508424
0.469907
0.913565
-0.13565
0.353064
-1.13098
-2.21034
1.81728
-0.520505
-0.581646
-0.550145
-0.602141
-0.612556
0.66931
-0.864295
2.45122
-0.343395
-1.01943
-1.07171
-3.65845
3.89648
-2.8905
-1.86473
2.26707
-3.89917
0.582396
0.534836
0.436217
1.01611
-0.149349
0.306458
-1.17322
-2.3562
1.97166
-0.634851
-0.673174
-0.459746
-0.748695
-0.584689
0.711818
-0.813264
2.61745
-0.400529
-1.47037
-0.692621
-3.43175
3.44913
-2.95169
-2.29563
1.93176
-3.43515
1.00898
19.6663
11.0696
0.50909
44.8083
2.62449
25.5129
-12.3743
-9.9337
18.701
10.347
20.8899
11.9098
1.49772
47.2309
-8.94319
28.0001
-11.2273
-8.94598
24.5847
13.0586
-5.0331
-3.5989
-2.67164
78.6894
-15.6699
37.9301
-0.269477
-1.94346
21.4514
7.69462
32.4926
10.8786
1.16585
72.119
-43.5796
43.9637
-0.284158
-3.11442
8.08543
2.27479
1.89417
0.583218
0.824245
96.4967
-6.54902
44.9011
-12.1737
-9.54978
21.1264
9.73253
33.5986
11.2221
2.39653
67.2736
-58.6953
45.0691
0.440338
-1.68048
20.3993
9.89648
13.5097
3.94938
2.40404
21.5713
-19.9737
13.1819
-22.6888
-16.6624
25.2688
15.2066
-55.4411
-30.729
26.0018
6.04051
-14.919
10.8745
-33.1788
10.2744
35.0182
18.3829
-20.0303
1.38097
20.5444
0.00223149
-47.7773
304.216
-61.5903
8.26544
0
0
0
0
-16.4952
1.81132
17.1895
-7.71704e-14
-320.462
323.489
206.092
6.94634
0
0
0
0
-8.99323
1.29104
9.7986
0.0504854
-262.611
421.65
111.538
9.99057
0
0
0
0
-7.75511
5.8161
9.00076
-1.60683e-13
-278.856
502.173
97.9803
14.6137
0
0
0
0
-1.91405
7.51716
4.55418
0.0260599
-411.53
404.994
411.53
13.5044
0
0
0
0
-8.13395
12.7925
12.5287
0.00655169
-167.852
484.666
-3.17744
11.2978
0
0
0
0
-0.703275
14.1705
5.68075
0.0508356
1.77981
146.452
-7.64504
16.4924
0
0
0
0
50.5185
195.026
38.476
59.2442
-15.0291
121.22
-24.0866
19.2553
-36.9697
462.403
0
0
