0.306272
0.3508
0.624062
0.23732
0.181105
0.378696
-0.797121
-1.12999
0.720186
0.172481
-0.4325
-0.8971
0.4767
-0.490301
0.630627
-0.423651
3.54788
-2.2572
-0.201546
-1.08914
-5.99998
5.98318
-3.53108
1.09526
-0.197048
-5.53915
-1.62314
0.381089
0.601728
0.374261
0.103687
0.377561
-0.855509
-1.36993
0.977617
0.0180541
-0.388418
-0.881855
0.239325
-0.545473
0.711542
-0.552685
3.05176
-1.71718
0.0368082
-1.37185
-5.48407
5.58582
-3.38034
0.555957
0.348444
-5.42533
-1.26099
0.414885
0.5729
0.498338
0.0475112
0.380959
-0.926808
-1.58672
1.22146
-0.13308
-0.379175
-0.842896
0.0019492
-0.585977
0.776583
-0.693307
2.55654
-1.17586
0.17353
-1.68196
-4.95476
5.46707
-3.45678
0.0150767
0.892297
-5.47391
-0.925771
0.448843
0.539321
0.609408
0.00896312
0.385632
-1.004
-1.78007
1.44645
-0.275788
-0.401026
-0.780327
-0.237884
-0.615869
0.765352
-0.776574
2.25553
-0.646346
-0.00628317
-1.92349
-4.41905
5.00162
-3.22194
-0.521648
1.43005
-5.90581
-0.683219
0.482386
0.501826
0.70771
-0.00656461
0.377777
-1.07892
-1.95212
1.6578
-0.413389
-0.446711
-0.693881
-0.491394
-0.636191
0.76737
-0.867639
1.96749
-0.102336
-0.402506
-1.66147
-3.93237
4.81778
-3.09985
-1.06328
1.97576
-5.79414
-0.25168
0.515977
0.45941
0.78775
0.0124673
0.34887
-1.14909
-2.10101
1.86584
-0.552579
-0.515394
-0.584011
-0.740667
-0.618889
0.767736
-0.986964
1.75079
0.438325
-0.780198
-1.46175
-3.39665
4.73508
-3.19522
-1.58831
2.51114
-5.60758
0.284079
0.548274
0.41256
0.861661
0.0555426
0.292095
-1.2093
-2.23907
2.07009
-0.692677
-0.606126
-0.451239
-0.986014
-0.600939
0.743283
-1.07101
1.6708
0.984527
-1.31438
-1.34814
-3.03242
4.65551
-3.47637
-2.12582
3.05483
-5.44467
0.823604
0.580691
0.361558
0.926385
0.122411
0.210828
-1.25962
-2.3562
2.27375
-0.844585
-0.712692
-0.317581
-1.22423
-0.564902
0.863082
-1.16568
1.28887
1.52832
-1.85792
-1.02685
-2.67283
4.1817
-3.5876
-2.4356
2.83411
-4.91856
1.35377
-0.177948
1.86222
0.998686
71.4389
25.876
23.4183
-15.3264
-11.5625
-8.21942
-6.42417
14.8671
7.04779
-0.0185103
69.4576
-4.73534
35.2195
-11.6236
-9.77488
21.8531
10.4238
4.45618
2.67221
-0.721203
94.0335
8.11369
33.6167
-13.6796
-10.4574
-15.9986
-13.1832
35.0489
11.4685
0.293111
83.082
-51.4266
50.2134
-1.0858
-3.20686
4.52424
-1.83192
4.40749
1.65551
-0.31313
95.3759
-14.346
43.4748
-13.4036
-9.41364
17.2969
7.12995
42.0084
13.9259
0.482868
61.4083
-72.6691
43.8655
1.25148
-0.184158
7.81067
3.04981
17.9414
4.65102
-0.340744
82.1063
-45.6351
50.2259
-8.0775
-5.05515
16.2308
8.73093
-26.9002
-14.5906
3.23218
61.3636
-25.2609
28.1778
26.035
27.4714
-2.06128
0.0338222
-2.94135
17.1994
-3.03058
0
13.5362
243.273
-16.6401
33.2395
0
0
0
0
-0.597549
0.566264
0.357162
0.0416631
-51.0316
396.901
-92.1197
12.1027
0
0
0
0
-3.07741
4.6723
1.53352
0
-7.38072
325.847
-5.25428
34.6757
0
0
0
0
-0.871493
0.288226
0.77044
-1.68944e-22
-105.127
553.529
-93.0908
12.8082
0
0
0
0
2.81385
0
-3.14754
0
-6.37101
379.968
1.64432
19.2269
0
0
0
0
0.994026
0.0603076
-1.02254
0.0211473
-93.1685
482.075
-80.8309
15.0665
0
0
0
0
-0.694603
2.70937
-0.20551
0.109415
-1.46173
435.864
1.46173
13.3902
0
0
0
0
-10.2276
54.7762
-8.83161
0.0755263
53.2814
222.897
53.9824
83.571
84.6301
251.634
0
0
