0.285182
0.3508
0.624062
0.23732
0.181105
0.378696
-0.797121
-1.12999
0.720186
0.172481
-0.4325
-0.8971
0.4767
-0.490301
0.630627
-0.423651
3.54788
-2.2572
-0.201546
-1.08914
-5.99998
5.98318
-3.53108
1.09526
-0.197048
-5.53915
-1.62314
0.377735
0.604894
0.371064
0.103232
0.370485
-0.844781
-1.35457
0.948461
0.0350492
-0.406104
-0.885513
0.27144
-0.535875
0.663673
-0.492562
3.16544
-1.74958
-0.202026
-1.20328
-5.49287
5.59234
-3.12927
0.641171
0.288017
-5.03706
-1.11749
0.407878
0.580684
0.494706
0.0441839
0.362289
-0.901179
-1.56032
1.16614
-0.100523
-0.395208
-0.861965
0.0839831
-0.567579
0.740972
-0.622876
2.74349
-1.25039
-0.202156
-1.39251
-5.03641
5.34265
-3.32792
0.253008
0.588015
-4.52937
-0.760753
0.43924
0.551992
0.605862
0.00359274
0.354093
-0.963548
-1.74603
1.37272
-0.232557
-0.399326
-0.8271
-0.0839623
-0.595392
0.768842
-0.699154
2.41646
-0.763607
-0.202189
-1.59171
-4.5497
4.96664
-3.06421
-0.123546
0.904518
-4.12151
-0.676132
0.471932
0.517495
0.703981
-0.0161645
0.345897
-1.03371
-1.91634
1.57931
-0.366949
-0.404029
-0.773508
-0.245445
-0.621146
0.805841
-0.850967
2.13717
-0.261825
-0.205089
-1.72299
-4.16534
5.30578
-3.31637
-0.136224
1.35146
-3.70072
-0.594824
0.505212
0.477282
0.788998
-0.0101162
0.326692
-1.10557
-2.07183
1.7868
-0.502168
-0.410705
-0.719916
-0.393056
-0.636416
0.866761
-1.06178
1.91094
0.194429
-0.476639
-2.12759
-3.80235
4.89129
-3.31968
-0.181621
1.35113
-3.63339
-0.670742
0.536164
0.432952
0.876591
-0.00272714
0.30516
-1.17916
-2.22529
1.98624
-0.637533
-0.41738
-0.666742
-0.537278
-0.661659
0.787487
-1.0053
2.14013
0.192693
-0.718692
-1.80638
-3.44089
4.46052
-3.43371
-0.676588
1.31354
-3.54338
-0.613485
0.567919
0.389995
0.964629
0.00529041
0.268939
-1.23886
-2.3562
2.16838
-0.776812
-0.464033
-0.616245
-0.674451
-0.682883
0.792929
-0.96623
2.15326
0.207631
-0.912867
-1.324
-2.94414
4.46056
-3.36351
-1.16533
1.16732
-3.04403
-0.115619
9.96674
4.26263
-0.693992
65.5817
9.20658
33.942
-11.1954
-9.80349
24.0183
12.5275
17.7085
8.03539
1.39792
62.8992
-9.85524
35.1659
-10.2211
-9.10049
27.7169
14.1709
-4.19536
-1.82939
-2.02938
78.6547
2.90966
18.5284
-15.0719
-12.4449
14.7755
5.78298
41.5581
17.0796
1.8058
79.3323
-55.7661
47.8942
-2.624
-4.80617
18.0351
4.45829
-5.91998
-1.8671
2.0355
34.1718
-1.45936
14.4288
14.1239
7.25084
12.5533
6.13613
20.4118
5.46057
0.56807
90.9838
-31.0466
36.791
-20.1151
-17.3238
-14.4644
-13.4488
20.6967
5.91814
5.71234
63.7499
-100
51.9116
13.1457
5.71994
45.2397
24.7645
-34.1055
-15.5913
8.5941
-2.37631
-9.04651
7.68268
26.638
47.6735
14.3124
6.37263
-0.188521
1.62149
-0.0228425
1.19033e-17
-56.2415
386.693
-82.2299
8.93964
0
0
0
0
-5.00469
8.40948
2.69605
1.16616e-15
-94.3587
409.08
-52.0677
9.28183
0
0
0
0
-1.32751
0.648188
0.711465
1.14506
867.603
235.729
-867.603
86.9378
0
0
0
0
0.318884
3.16778
-0.31585
7.04688e-15
-116.492
566.358
-94.2142
35.6597
0
0
0
0
176.396
21.4564
-168.895
-4.08381e-14
4.26683
125.533
-4.26683
9.79023
0
0
0
0
1942.01
9.51096
-1942.03
9.57962e-15
-12.0231
366.401
12.023
67.8547
0
0
0
0
-433.85
47.3398
418.081
-5.01513e-12
-114.501
571.637
-92.2243
19.0052
0
0
0
0
-0.4821
78.6088
0.512262
4.11551e-15
16.1412
70.8972
-16.1411
6.4051
114.52
327.2
0
0
