0.250328
0.3508
0.624062
0.23732
0.181105
0.378696
-0.797121
-1.12999
0.720186
0.172481
-0.4325
-0.8971
0.4767
-0.490301
0.630627
-0.423651
3.54788
-2.2572
-0.201546
-1.08914
-5.99998
5.98318
-3.53108
1.09526
-0.197048
-5.53915
-1.62314
0.372878
0.607357
-0.0335575
0.490917
0.387277
-0.843847
-0.941163
0.915013
0.0599168
0.50686
-0.904676
0.365576
-0.548346
0.58061
-0.421865
3.64903
-2.69373
0.240393
-1.43966
-5.68166
5.70272
-3.24883
0.857621
-0.552639
-5.10356
-1.32568
0.393396
0.590115
0.095651
0.393216
0.408693
-0.897812
-1.14437
1.09524
-0.0398321
0.540453
-0.927573
0.267162
-0.595619
0.528803
-0.426108
3.7374
-2.73463
0.626135
-1.79725
-5.66502
5.61173
-2.83603
0.589314
-0.988883
-4.65743
-0.997672
0.417021
0.567184
0.229539
0.293366
0.443755
-0.966516
-1.34421
1.26289
-0.131903
0.562504
-0.953056
0.190279
-0.648858
0.488254
-0.474662
3.82142
-2.80388
0.979932
-1.93262
-5.76936
5.30267
-2.95521
0.287084
-1.30885
-4.35125
-0.762623
0.439382
0.542771
0.364198
0.193193
0.478817
-1.03598
-1.54589
1.42957
-0.235504
0.572366
-0.999943
0.0417796
-0.675754
0.482645
-0.536365
3.75035
-2.85186
1.05988
-2.0298
-5.6303
5.16273
-2.86258
-0.111754
-1.4812
-4.15198
-0.583376
0.458506
0.516886
0.497815
0.0919391
0.517052
-1.11441
-1.73237
1.56848
-0.335706
0.568924
-1.05465
-0.100435
-0.686934
0.572214
-0.686075
3.58643
-2.50448
1.12614
-2.19165
-5.22634
4.81843
-2.79391
-0.432604
-1.84959
-3.97402
-0.280898
0.483043
0.487321
0.622782
0.00839932
0.557216
-1.19312
-1.91861
1.73174
-0.435907
0.541044
-1.12107
-0.229127
-0.696373
0.652305
-0.863386
3.46636
-2.15275
1.15276
-2.20019
-4.86705
4.83169
-3.09676
-0.802943
-2.21311
-3.59817
-0.0850481
0.507071
0.456553
0.740985
-0.0684103
0.600942
-1.27285
-2.09286
1.89401
-0.539964
0.500948
-1.20043
-0.357819
-0.700356
0.71213
-0.966818
3.56975
-2.23135
1.26322
-2.22991
-4.50922
4.71751
-2.99846
-1.1022
-2.44954
-3.7599
0.123268
-40.0367
-19.4745
0.465811
48.2394
21.322
5.70578
-11.5937
-10.1499
22.57
13.9014
-38.6859
-23.7383
5.49919
76.6333
-9.11432
25.8179
-10.2618
-12.7556
36.0195
18.8211
-10.802
-8.75386
9.64061
-7.12783
-9.13784
-2.57117
-18.8489
-13.833
22.6535
15.2573
7.19225
3.94525
2.5899
36.548
-37.1358
22.8997
-6.15561
-7.25269
29.2867
14.3187
-1.78661
-1.79455
0.070312
23.2573
-9.62674
7.04963
-23.4892
-15.2676
11.7094
5.89716
14.7516
8.30879
16.0615
8.78867
-15.8894
8.30701
-23.6455
-15.0948
12.8435
7.83786
-5.39746
-4.21685
0.473338
28.532
-4.87909
12.0221
-24.6334
-14.5799
20.7615
11.6779
1.92606
3.62393
8.80261
2.72256
-0.746429
5.56655
-18.9746
14.5887
10.2673
0.390704
-5.8586
48.9984
-5.7853
28.7822
1.87505
67.7777
5.45733
47.4414
0
0
0
0
-10.0152
101.849
-10.4947
48.323
-84.0335
383.747
-78.547
80.4324
0
0
0
0
-5.49005
96.6761
4.25856
36.585
1959.27
4.5284
-1941.38
51.8357
0
0
0
0
0.793196
21.6953
-2.06809
-1.78943e-12
-119.322
344.273
-19.7119
55.3332
0
0
0
0
10.8876
10.8836
-6.57723
-4.72634e-12
13.0002
88.7965
-6.14788
38.0403
0
0
0
0
22.3348
91.33
9.67315
-6.80605e-12
-4.56089
106.213
-22.6553
14.462
0
0
0
0
6.81314
11.587
-4.72546
2.50109
17.383
103.43
-13.7691
13.3384
0
0
0
0
8.5715
55.8926
10.9896
-3.61585e-12
0.147752
35.0223
-4.0606
-7.63377e-12
47.9072
140.222
0
0
