0.29778
0.3508
0.624062
0.23732
0.181105
0.378696
-0.797121
-1.12999
0.720186
0.172481
-0.4325
-0.8971
0.4767
-0.490301
0.630627
-0.423651
3.54788
-2.2572
-0.201546
-1.08914
-5.99998
5.98318
-3.53108
1.09526
-0.197048
-5.53915
-1.62314
0.380189
0.603004
0.371757
0.107568
0.370122
-0.849447
-1.36261
0.967391
0.0234581
-0.384691
-0.905483
0.263604
-0.536737
0.75695
-0.592186
3.02111
-1.72866
-0.201541
-1.27621
-5.46823
5.75433
-3.46647
1.12385
-0.663948
-5.00931
-1.09158
0.413244
0.575884
0.493737
0.0563798
0.362352
-0.912468
-1.57309
1.20307
-0.123726
-0.336882
-0.933729
0.0726113
-0.560778
0.82205
-0.73978
2.59991
-1.20329
-0.182661
-1.6647
-4.94779
5.31395
-3.45989
0.64249
-1.06778
-4.4897
-0.565145
0.447894
0.543002
0.60098
0.0277228
0.354581
-0.983284
-1.76142
1.42902
-0.268574
-0.30955
-0.977538
-0.114489
-0.562435
0.771198
-0.7762
2.40554
-0.673645
-0.198023
-1.60974
-4.42734
4.8466
-2.98894
0.140522
-1.02983
-4.39821
-0.0389434
0.480893
0.507899
0.699838
0.0161947
0.330405
-1.04644
-1.92888
1.63193
-0.402892
-0.303572
-1.013
-0.297244
-0.5415
0.774766
-0.84858
2.10367
-0.145901
-0.568312
-1.48455
-3.93636
4.76993
-3.19594
-0.38297
-0.833565
-4.29608
0.492116
0.513852
0.466634
0.77938
0.0318132
0.304595
-1.11579
-2.07641
1.83696
-0.539937
-0.319863
-1.03631
-0.45739
-0.498284
0.793561
-0.974897
1.80321
0.367151
-0.822827
-1.63023
-3.40667
4.81975
-3.36344
-0.914416
-0.548077
-3.76458
1.02156
0.546272
0.419703
0.856089
0.0699557
0.252034
-1.17808
-2.2187
2.0435
-0.68089
-0.358763
-1.05963
-0.596417
-0.433013
0.76211
-1.1752
1.82016
0.896629
-1.23556
-1.46428
-3.30101
4.85504
-3.31342
-1.43711
-0.551076
-3.26815
1.53435
0.573177
0.372517
0.933519
0.108098
0.188967
-1.23058
-2.3562
2.23069
-0.80801
-0.419897
-1.08307
-0.714252
-0.353256
0.632244
-1.09061
2.16637
0.876072
-1.76171
-0.945628
-3.23234
4.40041
-2.86206
-1.55347
-0.562424
-2.76995
1.87487
11.2665
8.34085
0.939233
47.0572
10.3301
26.0328
0.182317
-7.34618
18.9706
10.7574
-17.0255
-9.44057
-1.76913
98.714
28.628
34.3434
-32.1138
-25.9088
20.7059
10.6846
28.8048
14.228
1.9021
60.6678
-22.4513
37.0119
-21.6885
-18.5095
27.3983
13.7404
35.1548
11.4663
1.32579
82.0046
-53.364
53.1022
-3.95036
-6.49636
9.82485
3.00548
-1.62088
-1.43781
-1.09342
98.0401
-3.02393
44.2466
-21.9095
-17.3188
19.3878
9.16122
35.5601
12.0153
0.149856
56.539
-71.2664
46.0482
-1.96613
-3.35838
31.0663
16.2686
3.18113
-1.07061
4.93396
-3.7656
-10.9936
4.25064
-19.2529
-13.5317
26.7505
17.2424
-0.108204
-7.82403
7.90519
48.9658
-97.7513
53.7804
41.1552
17.8458
-34.3848
-8.23667
0.878066
0.50699
-1.05551
6.26166e-14
-77.6921
276.619
-19.1244
2.20841e-17
0
0
0
0
28.8774
13.8187
-33.7497
0.102088
-49.4399
310.993
49.4398
14.2328
0
0
0
0
34.6435
5.91629
-36.7175
0
-128.883
405.035
-12.8794
1.16351e-13
0
0
0
0
9.51587
6.23854
-11.7147
1.63516e-06
-174.142
577.023
-27.8157
3.23667e-06
0
0
0
0
29.828
3.59368
-31.0857
0
-35.633
370.27
35.633
5.23334
0
0
0
0
30.1653
1.12349
-30.5321
0
-80.2876
488.121
-90.5549
1.21862e-13
0
0
0
0
46.687
40.8522
-60.9853
1.12878e-13
-14.1434
46.7156
14.1434
1.96368
0
0
0
0
28.0678
90.8445
-59.8634
0
-218.499
561.928
21.8242
0
0
0
-124.246
354.989
