1.99906
0.3508
0.624062
0.23732
0.181105
0.378696
-0.797121
-1.12999
0.720186
0.172481
-0.4325
-0.8971
0.4767
-0.490301
0.630627
-0.423651
3.54788
-2.2572
-0.201546
-1.08914
-5.99998
5.98318
-3.53108
1.09526
-0.197048
-5.53915
-1.62314
0.491132
0.505294
0.716941
0.0883182
0.178229
-0.983488
-1.94047
1.65887
-0.435343
-0.124676
-0.398706
-0.24649
-0.290848
0.491393
-0.322112
1.67947
-0.0894946
-1.18857
0.184584
-2.81278
2.47539
-1.24371
0.20539
1.77393
-2.53233
0.727666
0.547338
0.420263
0.824942
0.116807
0.220754
-1.1625
-2.18373
2.04287
-0.684089
0.0110832
-0.168502
-0.00661207
-0.0830443
0.143231
-0.272985
0.378181
0.942192
0.507014
-1.51018
-0.635324
1.34466
-0.868285
0.476049
0.518872
0.841335
1.11025
0.557303
0.398368
0.582889
0.373821
0.26521
-1.22192
-1.9775
2.1282
-0.733587
0.0105894
-0.141077
0.234754
-0.0293735
0.0316608
-0.0651012
-0.904925
0.897622
-0.493821
0.798901
0.998012
-0.320195
0.893004
-0.965829
-1.39205
0.924641
0.206381
0.524399
0.462248
0.284937
0.630227
0.126313
-1.04148
-1.57599
1.86733
-0.576272
-0.289576
-0.13983
0.358467
-0.0143439
-0.179944
0.263282
-1.04392
0.91719
0.350795
0.035425
1.50291
-1.238
0.479019
-1.80111
0.0784523
0.430867
0.0358896
0.458428
0.525407
0.169805
0.456315
0.42266
-1.04878
-1.37287
1.5224
-0.319337
-0.705287
-0.114325
0.415218
-0.0126006
-0.283178
0.098413
-0.0353492
-0.613986
1.5005
-0.401322
0.710983
-1.17048
1.70743
-1.45572
1.49413
0.198681
0.00378929
0.377499
0.558818
0.606342
-0.283073
0.765607
-1.08888
-1.75178
1.18813
-0.0426942
-1.09266
-0.0796035
0.289121
-0.0297549
-0.781651
0.128751
2.28702
-2.59115
0.686041
0.788476
-1.48828
-0.994435
0.967858
-0.607588
0.115889
-0.751026
-1.43476
0.345034
0.612461
1.41614
-1.08062
0.550566
-0.88609
-2.3562
0.778845
0.161213
-1.2662
-0.13919
0.0745046
-0.0510478
0.0145665
0.491369
5.60952
-3.59255
-0.907155
-0.544517
-2.90194
-1.96596
-1.09735
1.10601
-0.422105
-0.77322
0.354972
-22.0213
-10.5955
2.44865
96.8229
33.8253
38.7531
-16.5501
-12.8858
22.3218
11.4945
48.8584
18.7435
0.763083
81.1496
-99.5472
66.0654
23.0715
7.749
29.0371
11.3749
6.334
2.67564
-0.0112251
99.6233
-46.9572
57.3077
-4.47954
-8.49856
23.7719
10.4904
16.4029
2.65331
2.83019
99.9843
-90.1207
74.639
3.98901
-2.61446
-1.96768
-7.86875
-25.8311
-1.73347
35.087
34.8051
-38.9579
31.0994
9.31754
6.84563
24.0284
13.6095
-34.107
-29.7479
-5.92352
37.4685
-53.3637
-12.8265
-4.65627
-0.213264
-4.05379
-5.33014
1.46773
-16.0682
4.5599
30.2524
-48.8634
-14.7626
5.59845
3.45275
21.6381
10.7985
-19.4301
-25.1544
0.334803
10.4049
0.0815675
-2.34439
44.6157
23.852
24.0115
15.7011
140.16
34.9898
-140.085
0.0268892
1081.84
375.835
-1136.3
0.998454
0
0
0
0
228.373
0.933727
-228.239
0.00135989
1110.05
720.229
-1362.17
0.105079
0
0
0
0
525.399
1.40079e-16
-525.39
0
1074.05
487.496
-1076.53
10.0936
0
0
0
0
468.826
22.314
-461.012
0.0105039
589.396
673.585
-664.522
12.2068
0
0
0
0
478.425
216.911
-400.716
5.11348
278.296
306.474
-375.237
0.320794
0
0
0
0
366.229
17.3019
-322.298
108.214
17.1084
114.872
-17.1084
249.81
0
0
0
0
353.674
59.7864
-305.721
77.224
795.378
137.437
-923.061
227.372
0
0
-5.94387e-14
0
187.584
54.7513
-121.355
134.475
-67.3119
45.2837
67.3119
70.3105
-1.64048
30.0405
0
0
