0.309687
0.3508
0.624062
0.23732
0.181105
0.378696
-0.797121
-1.12999
0.720186
0.172481
-0.4325
-0.8971
0.4767
-0.490301
0.630627
-0.423651
3.54788
-2.2572
-0.201546
-1.08914
-5.99998
5.98318
-3.53108
1.09526
-0.197048
-5.53915
-1.62314
0.381641
0.601457
0.374259
0.105702
0.375418
-0.855379
-1.37097
0.980915
0.0157923
-0.359644
-0.882499
0.255732
-0.537779
0.715678
-0.534124
3.05053
-1.70437
-0.059826
-1.43294
-5.44697
5.62915
-3.5417
1.64681
0.330043
-4.99465
-1.07318
0.415363
0.573702
0.501955
0.0511958
0.365777
-0.918928
-1.58752
1.21881
-0.133243
-0.262461
-0.858556
0.0589423
-0.560928
0.762226
-0.649955
2.67221
-1.152
-0.217919
-1.43804
-4.89496
5.1714
-3.28452
2.19667
0.44636
-4.44813
-0.523253
0.449084
0.542927
0.619998
0.0172671
0.340199
-0.977464
-1.77968
1.43174
-0.272058
-0.141287
-0.834613
-0.123703
-0.55968
0.737253
-0.698232
2.45594
-0.60918
-0.635817
-1.29316
-4.34334
4.71554
-3.06032
2.73896
0.0941568
-4.12841
0.0282326
0.482513
0.508485
0.723469
0.00915373
0.298971
-1.03159
-1.94888
1.6324
-0.406986
-0.015006
-0.830448
-0.291946
-0.534131
0.745541
-0.791649
2.12488
-0.0588856
-0.933644
-1.22238
-3.8246
4.52351
-3.0339
2.85439
-0.346271
-3.80285
0.57748
0.515698
0.467916
0.805081
0.0309138
0.254995
-1.09099
-2.09557
1.83497
-0.544482
0.111275
-0.845767
-0.449902
-0.485339
0.740986
-0.933172
1.83043
0.492251
-1.02543
-1.35084
-3.28598
4.60116
-3.16691
2.44598
-0.588215
-3.57035
1.12822
0.54848
0.419008
0.87258
0.0771216
0.209974
-1.15968
-2.23222
2.0485
-0.688864
0.219711
-0.87184
-0.598709
-0.411078
0.743347
-1.13006
1.52569
1.04446
-0.772305
-1.84646
-2.93312
5.1126
-3.51719
2.45106
-0.73223
-3.36354
1.67856
0.581367
0.357164
0.916203
0.147763
0.195984
-1.25995
-2.3562
2.28885
-0.848849
0.330736
-0.91415
-0.724856
-0.314804
0.838677
-1.42143
0.985762
1.59674
-0.222932
-2.35067
-2.78566
5.55754
-3.99813
2.84631
-1.10399
-2.85087
2.17614
10.6235
6.20842
-0.276814
47.0896
0.133277
26.6083
15.6715
5.5465
21.7928
11.5235
9.96947
4.71786
-1.0197
56.7353
-9.40736
34.474
17.5455
5.70339
23.9252
12.1301
18.4089
6.63049
0.507864
62.1695
-30.9199
37.69
10.8098
-2.11013
28.2816
14.4454
30.6637
9.93787
-0.335456
79.1489
-56.3427
50.1369
14.7479
-1.79039
20.0688
9.1129
6.99775
2.55187
-0.0127462
95.537
-16.7602
45.1948
-17.7494
-19.7562
21.6258
10.3689
40.2754
14.7759
0.103493
55.6667
-63.8986
41.3786
-5.87911
-9.24046
12.9582
6.20424
14.4347
7.76358
-0.416295
60.9839
-32.9428
36.9445
7.945
-2.35278
16.025
8.3804
1.90055
1.85457
0.669624
55.1428
-17.3788
24.9267
-3.51603
-10.1327
-7.53291
-1.21194
17.8136
0
-17.8128
0
-6.24457
344.561
-119.949
15.993
0
0
0
0
0.911595
0
-0.911495
0
-46.2465
384.14
-88.2026
-9.52397e-14
0
0
0
0
-2.54537
0
2.54492
0
16.9133
435.879
-169.197
7.88055
0
0
0
0
-0.408215
0
0.407257
3.05311e-16
-16.0726
564.005
-186.277
14.1363
0
0
0
0
0.313533
2.16743
-1.03799
0.0294826
6.9069
400.876
-25.9087
15.664
0
0
0
0
0.0136102
0
-0.0142566
-2.08167e-17
-91.9467
445.389
-67.3183
9.65386
0
0
0
0
8.44083
3.25819e-16
-8.48456
-1.35525e-20
0.0782077
327.423
-0.0782077
23.7056
0
0
0
0
6.97352
19.2941
-14.0656
0.968862
67.6641
197.396
26.5767
71.8634
0
0
-27.9883
91.6202
0.29778
0.3508
0.624062
0.23732
0.181105
0.378696
-0.797121
-1.12999
0.720186
0.172481
-0.4325
-0.8971
0.4767
-0.490301
0.630627
-0.423651
3.54788
-2.2572
-0.201546
-1.08914
-5.99998
5.98318
-3.53108
1.09526
-0.197048
-5.53915
-1.62314
0.380189
0.603004
0.371757
0.107568
0.370122
-0.849447
-1.36261
0.967391
0.0234581
-0.384691
-0.905483
0.263604
-0.536737
0.75695
-0.592186
3.02111
-1.72866
-0.201541
-1.27621
-5.46823
5.75433
-3.46647
1.12385
-0.663948
-5.00931
-1.09158
0.413244
0.575884
0.493737
0.0563798
0.362352
-0.912468
-1.57309
1.20307
-0.123726
-0.336882
-0.933729
0.0726113
-0.560778
0.82205
-0.73978
2.59991
-1.20329
-0.182661
-1.6647
-4.94779
5.31395
-3.45989
0.64249
-1.06778
-4.4897
-0.565145
0.447894
0.543002
0.60098
0.0277228
0.354581
-0.983284
-1.76142
1.42902
-0.268574
-0.30955
-0.977538
-0.114489
-0.562435
0.771198
-0.7762
2.40554
-0.673645
-0.198023
-1.60974
-4.42734
4.8466
-2.98894
0.140522
-1.02983
-4.39821
-0.0389434
0.480893
0.507899
0.699838
0.0161947
0.330405
-1.04644
-1.92888
1.63193
-0.402892
-0.303572
-1.013
-0.297244
-0.5415
0.774766
-0.84858
2.10367
-0.145901
-0.568312
-1.48455
-3.93636
4.76993
-3.19594
-0.38297
-0.833565
-4.29608
0.492116
0.513852
0.466634
0.77938
0.0318132
0.304595
-1.11579
-2.07641
1.83696
-0.539937
-0.319863
-1.03631
-0.45739
-0.498284
0.793561
-0.974897
1.80321
0.367151
-0.822827
-1.63023
-3.40667
4.81975
-3.36344
-0.914416
-0.548077
-3.76458
1.02156
0.546272
0.419703
0.856089
0.0699557
0.252034
-1.17808
-2.2187
2.0435
-0.68089
-0.358763
-1.05963
-0.596417
-0.433013
0.76211
-1.1752
1.82016
0.896629
-1.23556
-1.46428
-3.30101
4.85504
-3.31342
-1.43711
-0.551076
-3.26815
1.53435
0.573177
0.372517
0.933519
0.108098
0.188967
-1.23058
-2.3562
2.23069
-0.80801
-0.419897
-1.08307
-0.714252
-0.353256
0.632244
-1.09061
2.16637
0.876072
-1.76171
-0.945628
-3.23234
4.40041
-2.86206
-1.55347
-0.562424
-2.76995
1.87487
11.2665
8.34085
0.939233
47.0572
10.3301
26.0328
0.182317
-7.34618
18.9706
10.7574
-17.0255
-9.44057
-1.76913
98.714
28.628
34.3434
-32.1138
-25.9088
20.7059
10.6846
28.8048
14.228
1.9021
60.6678
-22.4513
37.0119
-21.6885
-18.5095
27.3983
13.7404
35.1548
11.4663
1.32579
82.0046
-53.364
53.1022
-3.95036
-6.49636
9.82485
3.00548
-1.62088
-1.43781
-1.09342
98.0401
-3.02393
44.2466
-21.9095
-17.3188
19.3878
9.16122
35.5601
12.0153
0.149856
56.539
-71.2664
46.0482
-1.96613
-3.35838
31.0663
16.2686
3.18113
-1.07061
4.93396
-3.7656
-10.9936
4.25064
-19.2529
-13.5317
26.7505
17.2424
-0.108204
-7.82403
7.90519
48.9658
-97.7513
53.7804
41.1552
17.8458
-34.3848
-8.23667
0.878066
0.50699
-1.05551
6.26166e-14
-77.6921
276.619
-19.1244
2.20841e-17
0
0
0
0
28.8774
13.8187
-33.7497
0.102088
-49.4399
310.993
49.4398
14.2328
0
0
0
0
34.6435
5.91629
-36.7175
0
-128.883
405.035
-12.8794
1.16351e-13
0
0
0
0
9.51587
6.23854
-11.7147
1.63516e-06
-174.142
577.023
-27.8157
3.23667e-06
0
0
0
0
29.828
3.59368
-31.0857
0
-35.633
370.27
35.633
5.23334
0
0
0
0
30.1653
1.12349
-30.5321
0
-80.2876
488.121
-90.5549
1.21862e-13
0
0
0
0
46.687
40.8522
-60.9853
1.12878e-13
-14.1434
46.7156
14.1434
1.96368
0
0
0
0
28.0678
90.8445
-59.8634
0
-218.499
561.928
21.8242
0
0
0
-124.246
354.989
