0.302177
0.3508
0.624062
0.23732
0.181105
0.378696
-0.797121
-1.12999
0.720186
0.172481
-0.4325
-0.8971
0.4767
-0.490301
0.630627
-0.423651
3.54788
-2.2572
-0.201546
-1.08914
-5.99998
5.98318
-3.53108
1.09526
-0.197048
-5.53915
-1.62314
0.380713
0.602169
0.373772
0.104237
0.37566
-0.853668
-1.36777
0.973883
0.0201204
-0.38395
-0.903218
0.259793
-0.537303
0.744864
-0.628205
3.07132
-1.72417
0.20666
-1.61256
-5.50842
5.64455
-3.34664
1.12468
-0.140797
-5.0247
-1.08882
0.41432
0.573431
0.496164
0.0485887
0.380723
-0.925475
-1.58306
1.21753
-0.130631
-0.335402
-0.909296
0.0644305
-0.561055
0.831605
-0.793978
2.57423
-1.18897
0.0851434
-1.90616
-4.98724
5.643
-3.4955
0.638419
-0.422521
-4.52562
-0.550232
0.450219
0.538044
0.602202
0.0200916
0.383659
-1.00595
-1.77549
1.45454
-0.281254
-0.307827
-0.934264
-0.109496
-0.561752
0.864199
-0.924612
2.21614
-0.66014
-0.263353
-1.6937
-4.45757
5.22112
-3.45253
0.128474
-0.914439
-4.02905
-0.0161402
0.485151
0.499441
0.697497
0.0147602
0.366801
-1.07906
-1.94517
1.67151
-0.423839
-0.30228
-0.973739
-0.270846
-0.539363
0.765191
-0.873788
2.13221
-0.123295
-0.597458
-1.27997
-3.93056
4.76281
-3.01394
-0.405236
-0.930134
-3.7377
0.518642
0.517414
0.460179
0.784493
0.0310273
0.318794
-1.13431
-2.09321
1.86513
-0.556408
-0.319773
-1.01389
-0.431004
-0.493983
0.716573
-0.899413
2.01046
0.40588
-1.1144
-1.28199
-3.42887
4.48448
-3.1024
-0.935186
-0.960966
-3.71011
1.05125
0.54835
0.415973
0.864538
0.067754
0.25278
-1.18507
-2.23259
2.05864
-0.690588
-0.360142
-1.05663
-0.585331
-0.425553
0.756317
-1.104
1.85421
0.891893
-1.59787
-1.1758
-3.04894
4.47296
-3.42727
-1.46621
-1.45868
-3.57502
1.58521
0.580761
0.368397
0.944383
0.106255
0.185107
-1.23575
-2.3562
2.25173
-0.839917
-0.424205
-1.1196
-0.734519
-0.338687
0.934115
-1.03188
1.61546
0.882733
-1.56344
-0.66004
-2.85575
4.1625
-3.46095
-1.4896
-1.46667
-3.45597
2.01226
5.44417
5.65369
-0.115884
19.9474
8.09376
12.821
9.47466
1.60285
14.3623
9.41384
14.7249
7.60402
-0.410623
71.3722
1.57828
36.184
-19.8594
-17.2532
24.3286
12.4052
-9.87214
-5.92733
-1.7673
98.6141
17.9437
38.9887
-31.4845
-25.3876
19.0342
9.24616
33.0684
13.2283
1.66672
68.9689
-44.4208
44.8183
-20.7761
-18.8355
30.781
15.3526
52.3833
18.2805
1.27337
86.7523
-96.3326
66.5406
0.792746
-4.42096
24.6053
10.8629
8.98506
0.871293
-1.45235
72.9362
-15.9599
36.8599
-23.6667
-19.2891
7.26163
3.83029
4.86532
0.345374
6.13495
57.0111
-18.0041
29.7383
-21.985
-17.7751
19.0098
11.391
-41.9298
-13.5107
18.868
99.6284
-84.8032
23.9652
11.1727
-0.323357
53.9509
49.7809
6.41627
0.858659
-6.1979
0.00797304
28.9089
132.489
-28.9089
0.372887
0
0
0
0
13.2674
0.669123
-13.1116
-9.10576e-29
-36.5128
382.476
-97.3672
0.0383949
0
0
0
0
9.3469
3.35057
-9.16456
0.162984
11.5423
335.453
-11.5423
1.54627
0
0
0
0
27.6137
0.391806
-27.4938
0
-95.9952
484.394
-73.5427
-1.04461e-12
0
0
0
0
33.4591
0.529324
-33.313
6.13206e-29
-117.96
724.643
-135.673
0.0227582
0
0
0
0
12.7472
1.49465
-12.3196
-6.6596e-14
2.86509
303.056
-2.86509
0.103458
0
0
0
0
-0.825387
43.9688
1.30928
0.0597155
70.5881
252.093
-70.5881
18.66
0
0
0
0
26.7953
132.671
19.6395
-3.26305e-15
209.815
317.966
21.114
341.832
0
0
91.9883
262.824
2.32919
0.3508
0.624062
0.23732
0.181105
0.378696
-0.797121
-1.12999
0.720186
0.172481
-0.4325
-0.8971
0.4767
-0.490301
0.630627
-0.423651
3.54788
-2.2572
-0.201546
-1.08914
-5.99998
5.98318
-3.53108
1.09526
-0.197048
-5.53915
-1.62314
0.487987
0.508664
0.688016
0.104728
0.189054
-0.981797
-1.90612
1.64076
-0.422658
-0.0898922
-0.758633
-0.0824982
-0.504416
0.412292
-0.344314
1.35449
0.728616
-2.79831
0.829032
-2.33246
2.01204
-1.77555
-1.19483
0.416129
-1.68057
2.12555
0.534289
0.442401
0.610831
0.293324
0.216392
-1.12055
-1.93708
1.95046
-0.624207
0.0763411
-0.656555
-0.0944394
-0.399178
0.0352067
0.0878316
-0.231964
0.566792
0.496008
-1.07261
-0.0500367
0.930739
0.051124
0.499595
0.283897
1.35322
0.316266
0.526896
0.439179
0.533582
0.286197
0.381431
-1.20121
-1.88267
1.95193
-0.602842
0.242575
-0.562092
-0.133552
-0.36243
-0.0592378
-0.018452
-0.824762
-0.123073
1.45183
-0.23847
1.05741
-0.519579
1.50657
2.64629
1.41433
-0.117564
0.107102
0.507184
0.450605
0.470216
0.246762
0.522829
-1.23981
-1.82243
1.88394
-0.531723
0.384392
-0.499257
-0.219076
-0.323677
-0.306962
0.0602341
-0.182864
0.196852
0.0112757
0.0872575
0.164011
-0.154853
0.21179
0.398457
-0.590405
-0.289526
0.147889
0.501058
0.462522
0.40937
0.29686
0.502054
-1.20828
-1.73809
1.83257
-0.503852
0.501087
-0.458556
-0.314584
-0.308086
-0.0184129
-0.0787558
-0.543415
-0.0781473
-0.283669
0.722417
0.393324
0.219822
-0.384696
0.186116
0.143049
0.226629
-0.3616
0.532491
0.423286
0.551461
0.267734
0.434398
-1.25359
-1.93319
2.01385
-0.632117
0.564324
-0.410955
-0.443555
-0.302882
0.153593
-0.74836
1.0159
-0.284967
0.917586
-0.136189
-0.586807
1.38433
-0.697207
1.57882
1.55186
-1.90433
1.77372
0.583599
0.344797
0.889497
0.175316
0.234095
-1.29891
-2.3562
2.33081
-0.86411
0.560799
-0.416238
-0.623054
-0.271742
0.495004
-0.235883
3.92673
0.750959
-0.659401
-1.1359
-1.30114
-0.290009
-4.70203
-0.631508
-0.255402
-0.518285
-0.104207
-12.5773
-7.25815
-2.63037
75.1958
21.666
31.956
-12.8287
-10.1411
23.2651
12.7977
49.4206
19.027
1.93683
100
-98.6207
69.5256
3.12397
-6.99533
34.4844
13.9322
0.699533
1.10212
-1.22939
100
-57.4433
50.5004
24.674
10.2461
-2.5138
-8.04202
3.6026
-0.494324
15.6223
46.73
-60.2242
38.9048
12.387
2.70435
2.62367
1.38665
-24.2107
-16.2938
19.9858
85.299
-32.058
33.9296
-12.5464
-13.2445
7.12369
0.148061
-44.5684
-20.9542
18.8081
73.7876
-10.7409
35.6645
33.2613
17.5051
-6.88571
-3.22313
-41.0267
-30.5983
22.5764
15.6951
-7.99774
2.45562
6.23472
0.905635
1.88808
2.9894
-37.9763
-23.5781
6.22501
72.2558
-41.2044
19.707
5.99235
-1.84266
-7.11046
-4.67866
-99.4368
0
99.437
0
25.051
331.314
-95.746
3.66527e-06
0
0
0
0
385.397
7.62099e-14
-385.397
0
142.869
760.105
-378.382
26.2831
0
0
0
0
190.669
0.192244
-190.602
0.000495894
486.012
478.931
-494.545
68.2598
0
0
0
0
116.442
99.1889
-79.9859
4.97027
217.698
399.939
-319.039
13.3385
0
0
0
0
228.117
136.712
-181.238
17.7606
375.751
343.867
-375.751
98.5527
0
0
0
0
72.1731
142.84
-39.215
15.5558
113.566
302.968
-112.472
10.9516
0
0
0
0
-59.5337
165.766
159.264
119.178
145.224
57.1046
-145.224
58.3709
0
0
0
0
-135.791
99.6513
135.791
41.8328
260.105
211.057
-116.852
198.239
0
0
-39.5857
122.943
