0.302177
0.3508
0.624062
0.23732
0.181105
0.378696
-0.797121
-1.12999
0.720186
0.172481
-0.4325
-0.8971
0.4767
-0.490301
0.630627
-0.423651
3.54788
-2.2572
-0.201546
-1.08914
-5.99998
5.98318
-3.53108
1.09526
-0.197048
-5.53915
-1.62314
0.380713
0.602169
0.373772
0.104237
0.37566
-0.853668
-1.36777
0.973883
0.0201204
-0.38395
-0.903218
0.259793
-0.537303
0.744864
-0.628205
3.07132
-1.72417
0.20666
-1.61256
-5.50842
5.64455
-3.34664
1.12468
-0.140797
-5.0247
-1.08882
0.41432
0.573431
0.496164
0.0485887
0.380723
-0.925475
-1.58306
1.21753
-0.130631
-0.335402
-0.909296
0.0644305
-0.561055
0.831605
-0.793978
2.57423
-1.18897
0.0851434
-1.90616
-4.98724
5.643
-3.4955
0.638419
-0.422521
-4.52562
-0.550232
0.450219
0.538044
0.602202
0.0200916
0.383659
-1.00595
-1.77549
1.45454
-0.281254
-0.307827
-0.934264
-0.109496
-0.561752
0.864199
-0.924612
2.21614
-0.66014
-0.263353
-1.6937
-4.45757
5.22112
-3.45253
0.128474
-0.914439
-4.02905
-0.0161402
0.485151
0.499441
0.697497
0.0147602
0.366801
-1.07906
-1.94517
1.67151
-0.423839
-0.30228
-0.973739
-0.270846
-0.539363
0.765191
-0.873788
2.13221
-0.123295
-0.597458
-1.27997
-3.93056
4.76281
-3.01394
-0.405236
-0.930134
-3.7377
0.518642
0.517414
0.460179
0.784493
0.0310273
0.318794
-1.13431
-2.09321
1.86513
-0.556408
-0.319773
-1.01389
-0.431004
-0.493983
0.716573
-0.899413
2.01046
0.40588
-1.1144
-1.28199
-3.42887
4.48448
-3.1024
-0.935186
-0.960966
-3.71011
1.05125
0.54835
0.415973
0.864538
0.067754
0.25278
-1.18507
-2.23259
2.05864
-0.690588
-0.360142
-1.05663
-0.585331
-0.425553
0.756317
-1.104
1.85421
0.891893
-1.59787
-1.1758
-3.04894
4.47296
-3.42727
-1.46621
-1.45868
-3.57502
1.58521
0.580761
0.368397
0.944383
0.106255
0.185107
-1.23575
-2.3562
2.25173
-0.839917
-0.424205
-1.1196
-0.734519
-0.338687
0.934115
-1.03188
1.61546
0.882733
-1.56344
-0.66004
-2.85575
4.1625
-3.46095
-1.4896
-1.46667
-3.45597
2.01226
5.44417
5.65369
-0.115884
19.9474
8.09376
12.821
9.47466
1.60285
14.3623
9.41384
14.7249
7.60402
-0.410623
71.3722
1.57828
36.184
-19.8594
-17.2532
24.3286
12.4052
-9.87214
-5.92733
-1.7673
98.6141
17.9437
38.9887
-31.4845
-25.3876
19.0342
9.24616
33.0684
13.2283
1.66672
68.9689
-44.4208
44.8183
-20.7761
-18.8355
30.781
15.3526
52.3833
18.2805
1.27337
86.7523
-96.3326
66.5406
0.792746
-4.42096
24.6053
10.8629
8.98506
0.871293
-1.45235
72.9362
-15.9599
36.8599
-23.6667
-19.2891
7.26163
3.83029
4.86532
0.345374
6.13495
57.0111
-18.0041
29.7383
-21.985
-17.7751
19.0098
11.391
-41.9298
-13.5107
18.868
99.6284
-84.8032
23.9652
11.1727
-0.323357
53.9509
49.7809
6.41627
0.858659
-6.1979
0.00797304
28.9089
132.489
-28.9089
0.372887
0
0
0
0
13.2674
0.669123
-13.1116
-9.10576e-29
-36.5128
382.476
-97.3672
0.0383949
0
0
0
0
9.3469
3.35057
-9.16456
0.162984
11.5423
335.453
-11.5423
1.54627
0
0
0
0
27.6137
0.391806
-27.4938
0
-95.9952
484.394
-73.5427
-1.04461e-12
0
0
0
0
33.4591
0.529324
-33.313
6.13206e-29
-117.96
724.643
-135.673
0.0227582
0
0
0
0
12.7472
1.49465
-12.3196
-6.6596e-14
2.86509
303.056
-2.86509
0.103458
0
0
0
0
-0.825387
43.9688
1.30928
0.0597155
70.5881
252.093
-70.5881
18.66
0
0
0
0
26.7953
132.671
19.6395
-3.26305e-15
209.815
317.966
21.114
341.832
0
0
91.9883
262.824
