0.289101
0.3508
0.624062
0.23732
0.181105
0.378696
-0.797121
-1.12999
0.720186
0.172481
-0.4325
-0.8971
0.4767
-0.490301
0.630627
-0.423651
3.54788
-2.2572
-0.201546
-1.08914
-5.99998
5.98318
-3.53108
1.09526
-0.197048
-5.53915
-1.62314
0.378224
0.604468
0.372223
0.102818
0.371022
-0.846063
-1.3578
0.954123
0.0283611
-0.387266
-0.905239
0.253452
-0.536241
0.659597
-0.435383
3.18352
-1.74854
-0.171981
-1.21589
-5.516
5.58082
-3.21856
1.06721
-0.651702
-5.38645
-1.11234
0.407661
0.580775
0.499417
0.0386962
0.363143
-0.901256
-1.56455
1.16483
-0.0999978
-0.343199
-0.932147
0.0407969
-0.561055
0.716216
-0.486042
2.77949
-1.23487
-0.210405
-1.48499
-5.00598
5.07733
-3.1008
1.05138
-0.904802
-5.08142
-0.600809
0.438022
0.553168
0.614185
-0.00701004
0.353342
-0.960518
-1.75141
1.36466
-0.227428
-0.299792
-0.960235
-0.153319
-0.565156
0.748268
-0.584776
2.50877
-0.722693
-0.556868
-1.43431
-4.52451
4.80882
-3.09976
0.983109
-0.680339
-4.60878
-0.0992719
0.469354
0.52174
0.715335
-0.0262259
0.327986
-1.0171
-1.91793
1.55738
-0.354781
-0.259205
-0.987191
-0.33129
-0.547985
0.769829
-0.734325
2.34444
-0.207853
-1.03013
-1.14499
-4.03177
4.65056
-3.06446
0.777845
-0.648965
-4.21593
0.415775
0.501888
0.485762
0.80871
-0.0167645
0.273086
-1.06503
-2.07169
1.74946
-0.486474
-0.227093
-1.01399
-0.502359
-0.51029
0.799053
-0.892586
2.214
0.249556
-1.52526
-1.18402
-3.6614
4.72273
-3.39497
0.461142
-0.651389
-3.88457
0.9315
0.533698
0.443896
0.89558
0.00995928
0.208737
-1.11428
-2.21896
1.9445
-0.621164
-0.201066
-1.03815
-0.662729
-0.45057
0.843855
-1.06407
2.07617
0.651599
-1.59122
-1.2431
-3.32297
4.55372
-3.26139
0.630084
-0.65073
-3.4671
1.44604
0.56381
0.399768
0.981321
0.0373236
0.143062
-1.16171
-2.3562
2.13073
-0.755854
-0.172819
-1.06502
-0.805192
-0.377558
0.780815
-1.0666
2.09809
0.772631
-1.58867
-1.14855
-3.04992
4.15653
-2.9346
0.683782
-0.964497
-3.01427
1.76789
21.5169
8.56134
0.384972
69.2386
-7.74856
22.0064
-17.5094
-17.8297
18.3114
8.88669
9.69658
5.07233
0.769725
84.7806
-3.55583
27.2409
-11.1496
-14.8592
13.8065
5.83804
9.35401
2.46171
-0.66242
87.1158
-22.2207
26.9759
-11.0346
-12.1533
25.3686
11.8432
16.6973
5.39243
1.17964
40.8549
-37.1278
22.5333
9.4163
3.12032
26.2692
14.0182
15.0471
3.80659
0.472582
59.9178
-31.7588
19.0506
-19.7356
-17.5561
21.2711
11.5866
10.9405
1.60364
-0.703225
42.6979
-42.4761
14.7129
3.47787
0.290375
21.2285
12.0494
21.3025
9.91148
2.57474
39.6059
-58.5228
14.4265
8.91644
-1.28457
23.8511
13.7161
5.01201
-3.52915
4.01169
-5.45493
-57.471
8.88355
3.8827
-6.5371
-47.1784
-9.96165
41.4917
5.09044
-43.6594
0.957223
-102.453
396.951
-73.1025
104.635
0
0
0
0
55.5637
10.7883
-59.5943
0.393246
-6.54348
369.663
-87.0087
87.5967
0
0
0
0
42.9379
7.9375
-45.5155
0
-338.148
388.041
243.694
105.392
0
0
0
0
-33.2272
5.17412
32.1912
9.14703e-14
-277.519
300.061
158.06
41.0769
0
0
0
0
-48.5682
8.3673
45.5959
2.48753e-14
71.136
263.651
-129.627
82.3992
0
0
0
0
-52.0629
5.49145
50.1504
-1.2812e-13
-20.4579
230.414
-22.3373
97.2835
0
0
0
0
-33.5054
16.7347
27.6523
-4.6619e-14
35.9921
230.836
-66.7842
112.769
0
0
0
0
104.718
51.8803
-122.979
0.29456
-157.641
183.732
72.1083
60.5468
0
0
-141.599
404.444
