1.65474
0.3508
0.624062
0.23732
0.181105
0.378696
-0.797121
-1.12999
0.720186
0.172481
-0.4325
-0.8971
0.4767
-0.490301
0.630627
-0.423651
3.54788
-2.2572
-0.201546
-1.08914
-5.99998
5.98318
-3.53108
1.09526
-0.197048
-5.53915
-1.62314
0.473709
0.517629
0.881633
-0.215248
0.387971
-1.01624
-2.09221
1.58746
-0.371977
-0.17359
-0.496504
-0.175254
-0.873997
0.476551
-0.46088
2.07809
-1.65872
0.0382272
-0.532173
-3.14871
3.09238
-2.15387
-0.205519
1.69474
-2.75705
-1.7246
0.540344
0.435349
0.995682
-0.103935
0.272737
-1.14207
-2.33096
1.98254
-0.642262
0.106213
-0.231382
-0.153468
-1.1916
0.298477
-0.27348
0.381609
0.502846
-0.501967
-0.532654
-1.00913
1.58623
-1.0764
1.32117
0.476576
0.0951201
-1.32951
0.581731
0.355823
0.848266
0.1876
0.260732
-1.26794
-2.29472
2.29513
-0.845936
0.54977
-0.11885
0.103358
-0.869561
0.0602051
-0.353523
-0.784574
1.25826
0.0612813
-0.74412
0.369032
1.20614
-0.859296
2.7072
0.504024
1.09083
1.52351
0.592828
0.332867
0.632421
0.48564
0.175849
-1.2797
-2.10087
2.37787
-0.910799
0.987335
0
0.110801
-0.385078
-0.199779
-0.00544595
-1.13713
1.27007
-0.513039
0.164718
1.03339
-0.178463
0.233154
1.16166
1.34244
-1.35005
2.13886
0.591756
0.331462
0.392941
0.732683
0.160101
-1.28573
-1.8693
2.38133
-0.904969
0.998054
-0.0288725
-0.209456
-0.23651
-0.000699408
-0.0130678
-1.01591
0.737964
0.024751
-0.0342777
0.882298
0.0550332
0.0109372
-1.24329
-0.461232
-1.34842
-0.175427
0.59392
0.325708
0.412694
0.723706
0.157524
-1.29392
-1.89726
2.40161
-0.917042
0.584962
-0.162098
-0.526211
-0.249349
0.0430378
-0.513318
0.78765
-0.691347
-0.112212
-0.328874
-1.30512
0.64039
-0.338953
-3.82722
-2.97666
0.509518
0.195731
0.609009
0.286022
0.708829
0.552354
0.0386816
-1.29986
-2.24442
2.53934
-1.00375
-0.319968
-0.965675
-0.544588
-0.237554
0.415332
-0.151421
3.72864
-0.723312
-0.543475
1.12248
-1.56316
0.218602
-2.62295
-3.82644
-5.5103
-0.0893505
0.0482188
-0.977455
2.03795
0.151741
63.3421
7.70458
28.4566
-8.74574
-8.14511
24.9377
13.0059
75.7898
67.0376
73.6654
80.9385
-63.8919
69.7961
14.5162
2.35287
18.4835
0.779542
45.0082
31.6869
24.4393
99.5218
-96.2466
50.8495
19.9747
2.97794
24.4897
7.70526
61.0132
55.7775
60.2825
25.5361
-96.6129
42.8331
24.7085
12.4242
15.9628
6.11832
20.9197
21.9318
39.104
97.8694
-87.0276
70.802
0.968699
-5.89255
-12.2993
-14.0807
-27.8348
-17.7239
-5.27348
15.4516
-46.9628
-11.6194
-6.8296
-7.03875
8.98475
4.044
-51.0259
-37.8652
-8.504
24.3043
-81.5571
-17.1548
-3.63408
-6.28104
17.7264
14.0428
-70.4917
-16.1431
62.1717
7.31232
10.683
5.62761
16.4908
5.39106
42.8758
34.334
5911.58
8.26473
-5909.56
0.334745
-2009.08
340.944
1883.09
22.172
0
0
0
0
7660.34
56.2952
-7648.54
1.60862
15132.2
599.089
-15343.9
5.5709
0
0
0
0
4419.59
10.8366
-4417.37
1.3628
4603.91
539.695
-4653.94
146.592
0
0
0
0
8373.26
35.0562
-8365.86
0.549507
4669.8
448.843
-4827.57
1.9185
0
0
0
0
8448.76
86.8357
-8420.33
7.18443
5384.42
608.585
-5384.42
29.0533
0
0
3.89518e-15
4.43168e-15
4707.83
0.390738
-4703.58
61.6734
-1656.76
12.7838
1740.48
226.41
7.60352e-15
0
0
0
-1145.8
15.6291
1146.1
106.366
2743.37
32.9911
-2616.28
330.121
0
0
0
8.64319e-15
1391.1
379.729
-1254.93
9.34032
1951.59
38.2129
-1951.59
2.39799
0
-9.36162e-14
60.0681
171.623
