2.16193
0.3508
0.624062
0.23732
0.181105
0.378696
-0.797121
-1.12999
0.720186
0.172481
-0.4325
-0.8971
0.4767
-0.490301
0.630627
-0.423651
3.54788
-2.2572
-0.201546
-1.08914
-5.99998
5.98318
-3.53108
1.09526
-0.197048
-5.53915
-1.62314
0.58704
0.383612
1.00912
0.0216521
0.135711
-0.991537
-2.22455
2.27734
-0.96787
0.268189
-0.957958
-0.0719055
-0.552485
0.905621
0.467392
2.76902
-0.607267
-1.73632
-0.117505
-2.82026
3.35026
-4.29263
2.34682
2.33823
-1.76993
-0.207463
0.655749
0.334673
1.21758
0.0139113
0.00808877
-1.0655
-2.35594
2.56629
-1.14315
0.658981
-0.461384
-0.100139
-0.611767
0.249869
-0.223595
-0.244115
0.324058
0.625137
-0.431379
-0.303811
0.680706
-0.471679
1.24817
4.61975
-0.0866425
-0.197979
0.639745
0.284718
0.855228
0.292588
0.27138
-1.25683
-2.2252
2.59547
-1.14223
0.519928
0
-0.763918
-0.671049
-0.146874
-0.48778
-1.96634
0.861228
2.08411
-0.761682
1.21332
-1.78174
2.79908
-0.524238
2.46278
-2.15217
1.08161
0.55395
0.421131
0.281068
0.570926
0.385757
-1.16467
-1.62371
2.04817
-0.704468
0.408059
-0.243142
-1.29288
-0.315161
-0.285138
0.109667
-1.3983
0.905751
-0.607259
1.2188
2.08585
-2.71111
1.0818
0.0748165
-0.778244
0.072602
1.4236
0.446341
0.565537
0.172757
0.493154
0.213511
-0.812759
-1.26792
1.33771
-0.242295
0.37656
-0.504077
-1.11299
-0.27323
-0.629483
0.324194
0.621765
-0.287319
-0.252869
0.0232548
0.698869
-3.82809
1.87236
-0.161113
-1.40199
3.1711
0.136414
0.35172
0.636897
0.707891
-0.155557
0.0869594
-0.630194
-1.54409
0.628015
0.214475
0.299376
-0.729492
-0.648433
-0.229429
-0.305278
0.111346
1.89466
-2.15356
-0.469189
0.883799
-2.25491
-1.7674
1.19936
1.08315
-0.118423
1.50162
1.61115
0.320117
0.655059
1.63316
-1.14743
0
-0.27453
-2.24117
0.114786
0.491774
0.668714
-0.701539
-1.03684
-0.150354
1.04699
1.52279
3.10301
-3.99034
0.192777
3.12584
-2.20595
-1.36599
-1.35291
3.05207
2.39824
-1.55862
0.0815706
-64.2063
-30.0922
39.8498
97.0392
26.4222
11.7477
-2.81222
-5.24291
28.065
13.8336
93.5885
92.5253
96.669
52.8496
-95.6315
99.8881
36.1077
11.139
30.8093
12.2605
83.5314
90.3223
99.8577
52.6078
-36.0787
94.5336
-8.35453
-9.47319
2.07848
-6.01349
75.5064
71.0472
77.2759
77.9351
-87.4053
95.1538
7.35071
-1.95812
-0.666769
-3.60926
-33.3167
-14.5197
25.4793
34.4611
-79.0692
0.41879
15.7015
4.54556
7.69698
7.45691
-58.3978
-9.4311
62.3941
56.8353
12.6051
23.0961
4.79653
1.44777
-4.59018
-0.173036
-29.8381
-7.29279
21.6403
86.3943
29.5097
-9.2071
25.6348
12.0727
-11.6455
-5.57288
9.5861
28.1549
49.8475
65.4559
32.9178
-6.33547
50.2694
16.4238
-11.7109
-6.51732
3034.53
327.282
-3026.3
3.79645
549.576
219.182
-565.451
142.282
0
0
0
0
2293.03
26.4523
-2293.09
0.662729
2370.51
570.412
-2538.31
31.7758
0
0
0
0
2302.23
43.3557
-2318.62
4.74037
1616.22
184.951
-1717.8
195.524
0
0
0
0
2034.99
21.5523
-2044.58
20.0158
2258.56
536.002
-2329.83
54.5283
0
0
0
0
1604.83
64.0617
-1604.85
88.7938
174.692
189.827
-176.547
228.092
0
0
0
0
1419.01
325.529
-1418.58
10.9451
207.713
196.522
-207.713
14.6948
0
0
0
0
1381.36
157.889
-1311.85
42.942
-572.288
52.1401
665.917
218.021
0
0
0
0
535.312
348.945
-333.414
227.906
991.567
56.441
-991.028
163.193
0
0
93.5419
267.584
