0.29127
0.3508
0.624062
0.23732
0.181105
0.378696
-0.797121
-1.12999
0.720186
0.172481
-0.4325
-0.8971
0.4767
-0.490301
0.630627
-0.423651
3.54788
-2.2572
-0.201546
-1.08914
-5.99998
5.98318
-3.53108
1.09526
-0.197048
-5.53915
-1.62314
0.38005
0.602624
0.367613
0.108712
0.376512
-0.852837
-1.35987
0.969143
0.023114
-0.374925
-0.9053
0.251084
-0.536521
0.73575
-0.579228
3.06671
-1.73978
0.0933396
-1.42853
-5.52468
5.75831
-3.58978
1.38372
-0.478808
-5.4161
-1.11078
0.413445
0.574238
0.485142
0.0578021
0.380608
-0.923552
-1.56979
1.21152
-0.126866
-0.31579
-0.925242
0.0473071
-0.561111
0.835689
-0.756143
2.56439
-1.22346
0.192326
-1.7546
-5.04499
5.82746
-3.61251
1.42097
-0.851918
-4.89684
-0.590926
0.448428
0.539522
0.588229
0.0279923
0.388568
-1.00479
-1.75866
1.44481
-0.274382
-0.255797
-0.957985
-0.142516
-0.564268
0.878566
-0.908664
2.20318
-0.716351
0.00340999
-2.06803
-4.53884
5.38922
-3.43831
1.27283
-0.785777
-4.56175
-0.0758191
0.483232
0.499759
0.679242
0.0197916
0.388689
-1.08772
-1.92846
1.66715
-0.417925
-0.203952
-0.970975
-0.317838
-0.546279
0.836379
-0.984609
2.03515
-0.197004
-0.263237
-1.83167
-4.07638
5.20308
-3.4496
0.898692
-0.309727
-4.21351
0.432423
0.51583
0.458788
0.763337
0.0330724
0.357817
-1.15423
-2.07856
1.86787
-0.552653
-0.166474
-0.983964
-0.47215
-0.506659
0.753356
-0.993293
2.02056
0.319278
-0.758324
-1.3455
-3.59166
4.70741
-2.9574
0.456431
-0.339962
-3.70851
0.952268
0.544554
0.417241
0.847423
0.0504706
0.312325
-1.21022
-2.22041
2.04979
-0.676804
-0.147372
-0.998255
-0.605263
-0.445879
0.69027
-0.998506
2.27985
0.413815
-1.2641
-1.14918
-3.263
4.37188
-3.11776
-0.0277749
-0.52353
-3.19899
1.46083
0.573277
0.375694
0.942299
0.06768
0.23893
-1.24891
-2.3562
2.22044
-0.806535
-0.151262
-1.02646
-0.717389
-0.366383
0.795586
-0.953849
2.29919
0.430981
-1.76373
-0.930359
-3.14251
4.05577
-3.07863
-0.095825
-0.674964
-2.69463
1.91063
-0.461585
1.04317
0.520522
48.9037
21.2892
20.0745
3.8849
-3.59568
-7.29662
-3.55664
18.3733
10.7694
0.992521
71.0789
-1.58766
37.3033
-11.9783
-14.8262
24.0416
11.8051
-10.357
-5.58733
-2.46621
80.4033
12.0199
30.1741
-15.1507
-15.4048
19.4286
9.84261
30.9004
12.2474
0.580811
63.1308
-47.2849
41.3358
-0.0953889
-3.35289
18.8266
8.4111
29.6043
10.1369
0.980594
55.6102
-59.9196
42.1428
-0.929325
-3.7848
30.2546
15.6353
50.9399
17.7085
1.50611
62.0593
-97.2188
53.8158
-10.0701
-14.1912
35.3658
18.5809
-33.3087
-17.3292
12.6392
39.5914
-14.3084
18.5346
-1.22299
-1.17182
36.625
22.9722
5.69613
0.107002
2.33674
99.8503
-79.9465
12.0652
3.4343
-9.29751
-23.8869
-7.53701
-32.7376
12.3725
36.7929
1.51438e-22
17.0901
190.659
-17.0901
6.72877
0
0
0
0
-83.9367
2.41345
84.0066
1.31448e-24
154.454
408.192
-297.686
1.04307
0
0
0
0
15.9387
1.86248
-15.6851
0.504206
247.233
267.881
-247.233
20.8434
0
0
0
0
84.4778
3.12255e-16
-84.4698
0
129.698
471.861
-297.423
7.35453
0
0
0
0
61.4301
0.192205
-61.3634
0
42.6042
455.851
-202.153
0.00332839
0
0
0
0
-39.8502
0.0501858
39.8573
2.88674e-24
32.1422
590.418
-240.243
4.1546
0
0
0
0
168.582
112.671
-166.112
0.745656
106.657
166.037
-106.657
18.4839
0
0
0
0
95.4704
24.6771
-86.8334
5.95735e-14
209.341
248.53
13.7941
388.998
0
0
-60.4851
172.815
