3.10063
0.3508
0.624062
0.23732
0.181105
0.378696
-0.797121
-1.12999
0.720186
0.172481
-0.4325
-0.8971
0.4767
-0.490301
0.630627
-0.423651
3.54788
-2.2572
-0.201546
-1.08914
-5.99998
5.98318
-3.53108
1.09526
-0.197048
-5.53915
-1.62314
0.639622
0.322225
1.1999
-0.176869
0.317549
-0.841262
-2.35034
2.45388
-1.27714
0.0426298
-0.996225
-1.13994
-1.26955
1.21995
1.06599
3.80236
-0.765898
0.0172845
-0.0349596
-2.47344
3.67124
-5.45818
0.652972
-3.34861
-3.6502
-3.42136
0.821832
0.283228
1.80085
-0.562847
0.291932
-0.241812
-2.3562
2.61725
-1.3
0.323869
-1.26907
-2.63517
-2.391
1.2841
-0.0383426
0.758291
0.865209
1.4771
2.95199
-0.0668349
-0.0407859
-0.0267296
-0.660783
-0.387293
-1.86377
0.0840083
0.836603
0.2727
2.04101
-0.714229
0.0924589
-0.0849153
-2.3562
2.61795
-1.29629
0.0325016
-0.733678
-3.13995
-2.35141
0.0550155
0.0353438
0.416604
-0.25512
-0.456122
-2.14158
-1.09213e-13
0.0911381
0.236599
-0.377369
1.61694
2.1002
2.82102
0.7527
0.296973
1.41729
-0.260137
0.372375
-0.928687
-2.3562
2.61111
-1.15996
-0.151396
-0.0401799
-2.19498
-1.09456
-0.824047
-0.127349
-2.41516
1.02552
1.22653
0.721709
1.57915
-1.97063
2.54211
-0.414819
1.56489
5.99451
5.88436
0.580032
0.308615
0.523923
0.161193
0.906943
-1.10491
-1.69616
2.04679
0.556603
-0.363056
-0.142697
-0.0447625
-0.581686
-0.519106
-0.542853
-1.31618
0.852905
1.02416
-0.407687
1.23372
-2.96987
3.96093
-0.925587
-0.648687
4.16193
1.26696
0.374386
0.393972
0.0782844
0.0412925
1.45706
-1.29277
-1.72997
1.76204
-0.077738
-0.662915
-0.322142
-0.00915311
-0.074861
-0.468605
0.172072
-0.111941
-0.407157
1.37467
-2.32526
-0.670286
-0.461631
-1.45311
1.25309
1.14681
-0.101792
1.67829
0.167709
0.480017
1.13545
-1.57818
1.76323
-1.26135
-2.34713
0.598176
0.612816
0.15964
-0.450873
-1.14913
-0.0380606
-0.177579
1.73039
2.39556
-5.72405
-0.848681
0.911069
-3.62773
-3.03512
2.02978
4.39726
-0.796048
-2.59446
0.116594
-44.7389
-22.9991
32.5011
95.9454
26.293
30.066
-12.3544
-13.2273
20.4701
8.25805
98.4829
87.6217
77.7447
47.6412
-99.2935
72.1057
15.1507
1.97273
1.5067
-6.37274
84.3314
87.7644
96.4254
40.8541
-3.24159
99.8815
1.9055
1.05612
-7.93343
3.28726
89.2764
87.2572
99.4831
-3.12767
-3.78034
95.8391
34.7208
16.7641
11.0789
14.0496
99.69
92.405
86.0795
62.8607
-39.9179
99.8335
-8.39795
-10.8115
-10.7652
-13.7193
-16.7124
14.8398
75.8087
54.0846
-14.2859
53.2295
20.3618
12.2091
-5.46059
-7.46235
-52.8581
-58.952
35.1011
66.9376
-46.7257
-34.997
-16.1654
-5.64583
-6.11008
-3.20421
-49.1562
-71.2698
39.7263
75.1577
50.5606
16.9624
32.062
11.7755
32.066
21.6936
3414.05
267.458
-3403.66
8.35126
694.044
347.682
-824.755
43.7976
0
0
0
0
698.06
13.2328
-697.043
0.0800171
960.694
556.864
-966.148
0.00246537
0
-4.62474e-15
0
0
462.451
20.1915
-462.813
10.349
745.955
229.053
-794.185
147.804
0
0
0
0
468.995
47.3207
-486.013
10.1528
712.712
324.316
-936.675
316.741
0
0
0
0
655.659
9.65525
-657.291
0.298125
678.529
433.191
-687.484
0.788496
0
-2.82858e-14
0
-1.16874e-15
585.909
211.771
-585.897
4.22819
380.191
14.9558
-380.2
270.783
5.10729e-15
0
0
0
250.669
255.713
-169.711
70.9849
228.46
42.6594
-228.226
403.194
0
0
0
0
92.372
347.636
-74.9228
6.0366
-815.747
119.679
868.184
37.0046
0
0
60.5452
174.187
