3.15116
0.3508
0.624062
0.23732
0.181105
0.378696
-0.797121
-1.12999
0.720186
0.172481
-0.4325
-0.8971
0.4767
-0.490301
0.630627
-0.423651
3.54788
-2.2572
-0.201546
-1.08914
-5.99998
5.98318
-3.53108
1.09526
-0.197048
-5.53915
-1.62314
0.609288
0.372172
1.83445
-0.744016
0
-1.3
-2.3562
2.38064
-1.3
0.0605462
-0.917486
0.0134733
-1.22098
2.38969
-0.523036
5.04661
-2.05518
-1.82062
0.238326
-1.42872
3.01613
-5.62743
-2.12134
-1.98015
-1.02867
-3.17209
0.83245
0.25505
2.55939
-1.24884
1.20704e-13
-1.1933
-2.3562
2.618
-1.3
0.253084
-2.391
-0.244902
-0.61049
0.756861
-0.859865
0.457631
2.01929
6.72727e-09
3.53808
-0.00446975
0.00448755
-0.000363752
0.430167
0.438496
2.86898
1.35612
0.742229
0.289065
1.70493
-0.340146
0
-0.692685
-2.3562
2.618
-1.3
0.445621
-1.3518
1.047
0
-1.25969
0.306935
-1.89612
3.97832
0.424278
1.11044
-0.257886
-1.68501
0.506863
1.32947
2.32508
2.88771
2.94111
0.594208
0.428162
0.776333
0.196427
0.189289
-1.10917
-1.93016
2.12817
-1.07168
1.047
-0.312599
0.396031
0
-0.484413
-0.358787
-2.41555
1.19297
2.63162
-0.929734
1.51674
-0.646689
1.16361
2.12714
2.32059
-1.43799
-5.37107e-08
0.492358
0.450629
-0.104216
0.733
0.671216
-1.3
-1.24552
1.8473
-0.547564
0.723927
-0.371402
-0.558442
-4.89085e-18
-0.22714
0.262751
-1.64157
-0.46681
1.06988
0.617709
0.663578
-0.630533
1.16396
-2.49531
-0.128474
-0.503672
-4.31686
0.390508
0.568674
0.383767
0.0164075
0.622927
-1.0231
-1.49446
1.1789
-0.0682017
-0.394257
-0.430204
-0.79692
-1.23484
-0.340978
0.163357
1.08442
-2.94505
-0.40928
0.612551
-1.21226
-1.9349
1.06391
-0.775062
-2.81451
-0.525633
-2.1195
0.315347
0.642338
1.63595
-1.31135
0.441622
-0.766222
-2.3562
0.309086
0.41116
-0.743279
-0.757131
-1.0354
0
1.16486
1.83186
4.10573
-2.94503
-0.67041
-3.88934
-6
0.585118
0.779172
-3.8154
-0.733323
-0.525471
2.74011
-46.8255
-17.1439
49.5353
48.6029
25.4921
15.5948
-14.7128
-9.9176
29.268
16.3749
39.0144
49.1287
56.3347
41.5922
9.38844
100
9.9527
3.22097
14.1188
4.02391
86.3399
37.8914
10.1873
-57.7884
100
100
23.8353
17.4883
37.8619
20.2154
100
97.2148
100
49.2562
-27.6653
100
13.276
3.30683
-21.6993
-13.4772
11.6233
6.73159
3.97726
40.4609
-74.3355
31.8514
16.1905
7.04533
-1.48158
-5.62152
-100
-58.2152
47.2869
87.1782
-8.26896
42.5338
-19.9337
-18.5775
-2.99756
1.9875
-30.3404
-26.1091
31.2814
1.35002
-7.22444
-6.23202
30.6908
20.5403
-5.45473
0.318438
32.0026
16.6739
62.4781
38.8343
28.8372
19.9725
13.4458
31.8542
29.9767
15.4382
-35.1619
370.624
69.1519
0
922.662
118.205
-964.521
1.39282
0
0
0
0
-1225.66
0.544322
1225.88
-7.4166e-16
730.885
287.185
-730.885
0
0
0
0
0
257.644
0
-257.044
-2.58494e-26
745.172
403.522
-1114.24
650.956
0
0
0
0
725.957
0
-725.748
3.9577
664.266
394.578
-664.266
31.5301
0
0
0
2.49798e-15
205.376
11.1185
-205.371
10.043
982.691
397.803
-977.142
1.62878
0
0
0
0
201.4
328.448
-69.037
49.7314
537.896
373.419
-537.896
16.6475
0
0
0
0
172.62
250.195
-160.2
17.719
394.74
4.2895e-14
-413.28
52.9775
0
0
0
0
427.55
408.06
-265.053
56.2171
562.733
239.532
-564.162
38.5594
82.947
236.992
0
0
