0.267986
0.3508
0.624062
0.23732
0.181105
0.378696
-0.797121
-1.12999
0.720186
0.172481
-0.4325
-0.8971
0.4767
-0.490301
0.630627
-0.423651
3.54788
-2.2572
-0.201546
-1.08914
-5.99998
5.98318
-3.53108
1.09526
-0.197048
-5.53915
-1.62314
0.377548
0.605777
0.373146
0.104963
0.360708
-0.838817
-1.3533
0.942723
0.0374327
-0.372322
-0.904644
0.264641
-0.534124
0.666373
-0.491731
3.26507
-1.77983
-0.573654
-1.08909
-5.5253
5.50469
-3.40649
1.57205
-0.200195
-5.53897
-1.14463
0.406267
0.584334
0.498123
0.0501555
0.332234
-0.880513
-1.55193
1.14355
-0.0897359
-0.294216
-0.88161
0.0525821
-0.559633
0.738554
-0.640956
3.02526
-1.30991
-1.04299
-1.08905
-5.10688
5.24518
-3.32214
2.04084
-0.669538
-5.53879
-0.666149
0.436743
0.559065
0.613913
0.0158515
0.292445
-0.922209
-1.73397
1.33591
-0.215852
-0.21611
-0.858576
-0.142138
-0.567079
0.796083
-0.80214
2.79928
-0.838864
-1.16115
-1.11926
-4.64041
4.86445
-3.21885
2.04137
-1.14052
-5.08205
-0.191559
0.467219
0.530239
0.721065
-0.00408758
0.248166
-0.965144
-1.90152
1.51947
-0.339021
-0.138003
-0.901704
-0.336606
-0.556534
0.710072
-0.753683
2.75122
-0.362126
-1.16121
-0.726124
-4.17632
4.483
-2.90391
1.57334
-1.60693
-5.07524
0.280917
0.494848
0.501413
0.826392
-0.0190605
0.189265
-0.993125
-2.05612
1.67991
-0.450184
-0.0778058
-0.962677
-0.531074
-0.527863
0.645238
-0.677869
2.79598
-0.15767
-1.54627
-0.725831
-4.03726
4.18943
-2.82356
1.09697
-2.08126
-5.07521
0.754436
0.521071
0.470775
0.933418
-0.0251592
0.112846
-1.02111
-2.20741
1.83229
-0.558296
-0.0358359
-1.04179
-0.707618
-0.481489
0.684552
-0.801028
2.78408
-0.154876
-2.00735
-0.953802
-3.95125
3.83596
-2.83852
0.626828
-2.55037
-4.60374
1.21711
0.545196
0.438025
1.03999
-0.0312579
0.0364273
-1.04516
-2.3562
1.97927
-0.663067
-0.0117212
-1.13886
-0.866449
-0.417472
0.823781
-0.85596
2.53996
-0.301755
-2.01128
-0.624608
-3.88595
3.43698
-2.73526
0.189004
-3.01226
-4.14096
1.68154
0.867957
-1.38846
-1.79917
50.5105
3.93967
29.7581
17.0694
6.57311
23.4599
12.6574
12.028
1.48067
-0.918326
64.826
-3.31806
34.4628
5.6266
-5.15682
-3.02663
-2.56701
-10.3004
-5.16873
6.3974
44.4147
9.09061
18.5557
0.388835
-6.49826
20.5557
11.997
38.6254
17.7779
2.60365
55.5898
-40.6415
30.9853
-22.287
-20.9779
29.8886
15.372
62.8443
23.776
2.11398
98.2351
-84.4406
68.967
-8.38109
-15.2162
10.115
2.4771
-11.725
-10.7737
-2.45416
92.5905
-13.835
49.5286
-17.7335
-17.4067
29.8477
16.4568
0.0244408
-2.88385
-1.3204
29.9993
-15.5848
12.937
-21.7376
-16.771
28.2848
17.0116
-28.1663
-10.9662
2.48576
100
-55.4388
10.0351
-21.4128
-24.528
60
48.6971
-16.7487
4.51961
16.7257
4.12055
937.851
349.873
-1060.31
-8.88178e-16
0
0
0
0
-99.5577
-2.35554e-11
99.5542
14.1821
1074.35
375.944
-1205.93
4.52693e-25
0
0
0
0
76.7284
55.2063
-57.4105
-1.8867e-13
451.108
157.876
-451.395
0
0
0
0
0
-83.836
-1.13173e-25
83.8315
-3.35979e-25
327.634
397.879
-480.358
38.4743
0
0
0
0
-72.5685
-3.59606e-10
70.5466
0
267.37
754.759
-533.787
6.43078
0
0
0
0
12.6494
15.347
-10.0507
14.2596
497.353
416.754
-497.353
2.6732
0
0
0
0
252.722
2.22045e-16
-252.722
0
787.177
129.459
-787.177
29.8517
0
0
0
0
296.668
34.5607
-296.643
2.31532e-13
973.19
228.805
-774.088
340.059
0
0
58.6313
167.529
