0.284493
0.3508
0.624062
0.23732
0.181105
0.378696
-0.797121
-1.12999
0.720186
0.172481
-0.4325
-0.8971
0.4767
-0.490301
0.630627
-0.423651
3.54788
-2.2572
-0.201546
-1.08914
-5.99998
5.98318
-3.53108
1.09526
-0.197048
-5.53915
-1.62314
0.37911
0.603818
0.367091
0.109916
0.370526
-0.847533
-1.35483
0.959244
0.0285087
-0.383311
-0.90502
0.270598
-0.535862
0.732175
-0.551269
3.06651
-1.75095
-0.174419
-1.34927
-5.53172
5.69909
-3.54368
1.21027
-0.194819
-5.06991
-1.12103
0.411355
0.577435
0.486087
0.0593222
0.364129
-0.909538
-1.56112
1.19087
-0.11591
-0.318298
-0.912846
0.0848333
-0.560813
0.835639
-0.714817
2.58436
-1.24461
0.206434
-1.61451
-5.07584
5.69665
-3.8854
1.59964
-0.585188
-4.56918
-0.613975
0.445619
0.544083
0.588524
0.0288711
0.369827
-0.987222
-1.7475
1.41978
-0.26113
-0.253069
-0.936994
-0.0979624
-0.56525
0.859376
-0.822435
2.27252
-0.746712
0.119201
-2.10304
-4.5844
5.40603
-3.57343
1.60496
-0.59447
-4.49645
-0.109244
0.480708
0.504322
0.679858
0.0187927
0.373385
-1.07204
-1.91937
1.64552
-0.406069
-0.18784
-0.961153
-0.280051
-0.549729
0.848066
-0.993208
2.10823
-0.248147
-0.373569
-2.0735
-4.21849
5.64898
-3.55684
1.10529
-0.696708
-4.47712
0.381811
0.515155
0.459803
0.767213
0.0276402
0.357128
-1.15198
-2.08088
1.86333
-0.549693
-0.142917
-0.989466
-0.447048
-0.513815
0.863141
-1.17972
2.15915
0.21751
-0.845232
-1.85575
-3.82137
5.29929
-3.42132
0.609308
-1.20075
-4.10357
0.883509
0.548094
0.411905
0.855591
0.0566669
0.303395
-1.21565
-2.23524
2.07215
-0.692499
-0.118149
-1.03826
-0.601613
-0.457782
0.8806
-1.14719
2.20975
0.714186
-1.33004
-1.56615
-3.40671
4.90867
-3.57988
0.165697
-1.226
-3.79885
1.3786
0.583754
0.365422
0.945395
0.0856784
0.232133
-1.26321
-2.3562
2.26437
-0.853563
-0.111409
-1.08818
-0.737577
-0.390025
0.877442
-0.902931
2.20829
0.665037
-1.75399
-1.10897
-2.97621
4.62272
-4.00218
-0.261136
-1.2724
-3.34106
1.67013
-21.247
-10.8092
-0.77966
69.7251
30.7026
26.2486
-3.18577
-4.555
15.9213
9.01056
19.3438
10.9067
0.928605
68.2289
-4.63725
37.7211
-6.22535
-12.0506
24.3012
12.0774
-14.4538
-5.01508
2.26024
75.8287
14.3419
30.919
-0.315557
-6.85344
18.8637
9.74277
29.5843
8.74064
-0.890071
88.6057
-42.413
53.4328
-5.47739
-8.50867
7.15527
1.3758
5.37501
0.875575
0.172542
28.6219
-2.88842
13.0605
-25.9581
-19.6114
17.8131
10.9191
-35.8258
-20.7014
14.4547
80.3367
-0.776221
34.8351
-14.3979
-13.3037
31.7112
18.86
30.9536
10.3351
0.609266
100
-98.483
41.2171
1.14737
-4.52742
16.0189
7.54205
-64.6756
-34.143
11.6867
100
1.16261
51.7841
-3.52766
-14.592
-59.8786
-14.7933
-500.779
22.8435
493.293
-6.33106e-14
183.476
239.815
-184.017
7.85234
0
0
0
0
118.194
0.963529
-118.49
1.40954e-13
139.81
417.699
-286.243
0.679869
0
0
0
0
120.588
36.458
-133.42
0.204426
321.684
267.924
-321.716
0.475047
0
0
0
0
287.319
0.192238
-287.926
0
613.777
563.862
-811.708
1.7772
0
0
0
0
82.6708
0
-83.1708
-1.11022e-16
119.005
107.073
-119.005
1.55301
0
0
0
0
28.2903
151.304
-81.2468
2.82318e-13
266.843
273.935
-266.837
4.498
0
0
0
0
93.0348
5.10804
-93.1612
4.19487e-16
82.0069
500.681
-81.9974
191.841
0
0
0
0
145.022
151.381
-197.705
0.00560631
24.8372
339.157
103.972
33.2832
0
0
-160.534
458.669
