0.259845
0.3508
0.624062
0.23732
0.181105
0.378696
-0.797121
-1.12999
0.720186
0.172481
-0.4325
-0.8971
0.4767
-0.490301
0.630627
-0.423651
3.54788
-2.2572
-0.201546
-1.08914
-5.99998
5.98318
-3.53108
1.09526
-0.197048
-5.53915
-1.62314
0.376868
0.60551
0.357966
0.114301
0.371214
-0.843482
-1.33938
0.9423
0.0399147
-0.374867
-0.888889
0.271875
-0.544886
0.70183
-0.406632
3.29893
-1.79953
-0.190232
-1.26606
-5.54242
5.99111
-3.5676
1.55273
0.221159
-5.3195
-1.33655
0.404059
0.58279
0.462886
0.0610877
0.378737
-0.902711
-1.53049
1.15986
-0.0913596
-0.300326
-0.864135
0.0748366
-0.588763
0.808669
-0.517846
2.94292
-1.34172
0.0782093
-1.61858
-5.1447
5.75335
-3.52475
2.00823
0.582628
-5.06786
-1.06434
0.436192
0.552855
0.567171
0.0242838
0.381402
-0.972857
-1.71154
1.37262
-0.227033
-0.209833
-0.833051
-0.11247
-0.622177
0.875719
-0.678454
2.74954
-0.911346
0.0846221
-1.93109
-4.80059
5.54388
-3.65906
2.43846
0.835854
-4.71816
-0.606561
0.468696
0.518088
0.668821
-0.00352346
0.382908
-1.0482
-1.88443
1.57835
-0.36276
-0.120054
-0.802163
-0.287602
-0.638777
0.880458
-0.818162
2.73461
-0.552861
0.0443476
-2.02619
-4.46795
5.41242
-3.6417
2.38756
0.744392
-4.25882
-0.157919
0.501273
0.47794
0.76827
-0.0160384
0.373251
-1.12656
-2.05783
1.77848
-0.48893
-0.0314324
-0.774455
-0.445705
-0.628471
0.907739
-0.894854
2.67493
-0.271792
-0.131847
-1.90911
-4.05295
5.09004
-3.24807
1.97001
0.295396
-3.79943
0.299334
0.529936
0.439711
0.86337
-0.0273766
0.352695
-1.18869
-2.20861
1.95663
-0.611643
0.0417125
-0.763488
-0.586879
-0.611384
0.989859
-0.922588
2.57665
0.0448353
-0.553437
-1.54043
-3.78703
4.77149
-3.24061
1.53977
-0.142767
-3.37469
0.753508
0.556665
0.398735
0.955039
-0.0257853
0.317173
-1.24636
-2.3562
2.12887
-0.727711
0.0988112
-0.76866
-0.710804
-0.579188
1.07021
-0.692834
2.36141
0.0336921
-0.972913
-1.1614
-4.01448
4.32369
-3.50559
1.08759
-0.595025
-2.93253
1.13498
-4.26098
-2.01488
22.9651
48.8803
-6.00806
10.2288
15.623
6.45174
18.6192
9.1176
23.2439
13.6899
14.3593
33.7173
-26.799
10.6883
17.8935
6.46038
11.3494
3.64551
-9.1856
-2.4578
3.55369
66.0025
6.89561
27.5761
13.7002
3.21701
11.6726
5.52476
23.8729
8.31641
-1.06457
3.43541
-75.8502
-21.4017
22.6362
8.77978
30.421
17.7699
14.8478
6.37989
1.70915
53.3947
-29.9249
27.1255
-18.8601
-18.9467
28.686
15.9103
-1.50472
-3.33232
6.45805
81.3189
-46.5952
15.7457
-14.8879
-16.9371
28.3579
15.5155
-10.9165
-7.37328
6.60474
100
-20.498
35.5701
-19.9663
-19.447
19.8243
10.788
-44.7215
-23.5165
20.014
97.3854
-45.7379
36.7797
-0.276807
-16.5466
-59.2913
6.80827
69.7754
165.556
-33.7087
4.1469
28.1145
270.915
-161.716
110.803
0
0
0
0
15.1409
85.2048
14.6787
1.14568e-13
212.651
264.692
-340.416
100.35
0
0
0
0
57.7099
37.6953
-55.7818
1.6897e-13
319.578
261.831
-329.869
14.2563
0
0
0
0
-7.0271
0
-9.87401
0
404.673
101.408
-521.676
232.887
0
0
0
0
-54.7859
16.2374
47.3645
0
266.357
295.382
-337.628
27.7406
0
0
0
0
29.8513
57.1377
-29.3626
1.30461
273.184
263.808
-273.184
182.728
0
0
0
0
98.1378
58.7295
-89.6673
11.2739
74.5004
316.735
31.6773
109.032
0
0
0
0
153.091
154.317
-93.7044
15.3582
264.979
373.778
-77.6237
229.218
0
0
-195.098
557.436
