0.270742
0.3508
0.624062
0.23732
0.181105
0.378696
-0.797121
-1.12999
0.720186
0.172481
-0.4325
-0.8971
0.4767
-0.490301
0.630627
-0.423651
3.54788
-2.2572
-0.201546
-1.08914
-5.99998
5.98318
-3.53108
1.09526
-0.197048
-5.53915
-1.62314
0.378119
0.604563
0.363239
0.111667
0.370851
-0.845757
-1.34801
0.9516
0.033174
-0.372147
-0.89947
0.26246
-0.534702
0.775611
-0.452239
3.17405
-1.7842
-0.254805
-1.32823
-5.55749
5.99721
-3.60162
1.56043
-0.0612469
-5.72502
-1.14798
0.409414
0.578324
0.475664
0.0613115
0.374605
-0.91158
-1.54846
1.18153
-0.108731
-0.293928
-0.890188
0.0472211
-0.560661
0.88849
-0.643513
2.87799
-1.30192
0.107899
-1.70508
-5.17637
5.88968
-3.75255
2.02234
0.140731
-5.49104
-0.671182
0.443064
0.545953
0.578812
0.0292228
0.378765
-0.9868
-1.73424
1.40655
-0.25112
-0.197514
-0.876079
-0.164428
-0.568137
0.939967
-0.789058
2.65915
-0.826235
0.208983
-1.98435
-4.75894
5.6305
-3.55147
2.49277
0.364514
-5.2477
-0.193283
0.477691
0.507803
0.674749
0.015755
0.375253
-1.06576
-1.90791
1.62686
-0.393695
-0.0904671
-0.863517
-0.366303
-0.557961
0.982378
-0.968861
2.47771
-0.345379
-0.108317
-2.0463
-4.46341
5.94055
-3.73372
2.76751
0.255156
-4.91496
0.263114
0.512502
0.463488
0.766202
0.0206515
0.358948
-1.1458
-2.07416
1.84639
-0.538354
0.0165802
-0.853632
-0.550853
-0.529275
1.03232
-1.1937
2.3626
0.126635
-0.449104
-1.92603
-4.10642
5.67447
-3.74222
2.62169
-0.215074
-4.44175
0.741716
0.545794
0.412948
0.850988
0.0439
0.331925
-1.22681
-2.23299
2.06585
-0.683853
0.117994
-0.862459
-0.719641
-0.482224
1.09599
-1.31348
2.18121
0.601234
-0.741788
-1.96641
-3.63851
5.42382
-4.00408
2.21787
-0.652075
-4.28038
1.21654
0.583064
0.362148
0.934424
0.0671485
0.298428
-1.3
-2.3562
2.27444
-0.852659
0.190597
-0.88859
-0.87049
-0.427125
0.986605
-0.871978
2.03883
0.538158
-0.884144
-1.76663
-3.18559
5.10649
-4.37839
1.77616
-1.08674
-3.90025
1.4245
-7.55629
0.102953
40.7706
60.6163
25.1378
28.3756
3.08848
-2.57457
-9.32454
-6.59924
7.52359
7.60303
19.2347
38.9768
2.34173
22.5729
10.7467
1.97953
8.31901
4.03977
19.7985
10.7607
0.576851
2.58812
-37.6482
-13.891
15.2671
5.42131
18.7772
11.1241
25.0214
9.46406
-0.322551
63.9919
-60.4873
19.5374
21.2487
5.52697
16.6389
7.32428
-3.16459
-3.29267
1.01329
28.1243
-6.41875
11.266
-6.16895
-10.3409
23.9604
14.4895
-2.6318
-3.06592
5.45443
64.4201
-24.3665
21.7836
-17.8616
-18.0271
25.9598
14.7297
12.8556
3.20659
-1.92504
93.8638
-45.4997
24.7214
-18.3378
-19.153
-1.99735
-1.43182
-87.578
-46.1033
24.0616
31.4373
-100
19.6021
26.6773
-7.41785
-60
25.9658
-412.617
271.628
507.687
-1.20627e-14
271.12
271.465
-316.821
0.633055
0
0
0
0
-548.973
118.816
590.558
1.45995e-13
333.013
235.017
-402.749
0.114334
0
0
0
0
-403.722
0.875828
404.208
1.07616e-13
-231.885
53.8425
189.632
146.448
0
0
0
0
1293.28
0.0573104
-1293.28
0.000835759
551.297
380.178
-700.689
149.011
0
0
0
0
279.86
18.0267
-286.167
0
452.727
112.563
-452.727
22.2388
0
0
0
0
545.482
55.4788
-563.97
3.92858e-14
51.8336
235.895
-51.8336
72.3045
0
0
0
0
-1179.78
0.626324
1179.02
-3.85921e-17
57.7392
284.051
33.1718
180.142
0
0
0
0
-1206.9
271.659
1111.82
4.97007e-14
-44.5087
354.831
44.5087
240.107
0
0
-367.327
1049.5
