3.11502
0.3508
0.624062
0.23732
0.181105
0.378696
-0.797121
-1.12999
0.720186
0.172481
-0.4325
-0.8971
0.4767
-0.490301
0.630627
-0.423651
3.54788
-2.2572
-0.201546
-1.08914
-5.99998
5.98318
-3.53108
1.09526
-0.197048
-5.53915
-1.62314
0.58702
0.384604
1.04743
0.0602092
0.02892
-1.23515
-2.26656
2.29621
-0.917742
0.336849
-0.984787
-0.080894
-0.203909
1.16225
-0.111921
1.82011
-0.271487
-0.821349
-0.0353159
-2.34025
3.04751
-2.40429
1.72924
-5.09191
-1.2534
0.750999
0.714288
0.333259
1.24069
-0.0604662
0.0184411
-1.26796
-2.35128
2.52292
-1.01634
0.455179
-2.27108
-0.145696
-0.0490017
0.498436
-0.28385
0.163388
0.162758
0.470281
-0.138018
-0.131752
0.213762
0.3536
-0.418884
-3.35874
0.185852
-0.157945
0.75017
0.291023
1.27364
0.0120778
0.0272181
-1.16906
-2.16638
2.61796
-0.994984
0.724629
-1.46422
-0.0098906
-0.117084
-0.117731
-0.0371201
-0.0277044
1.68684
-0.00807156
2.40336
0.697848
0.110926
-1.07552
2.54741
1.90925
0.890997
0.277492
0.697205
0.285149
1.03897
0.27528
0.0333615
-1.06694
-2.15232
2.59192
-1.27477
0.967244
-0.223608
0.52214
-0.145993
-0.668199
0.41857
-0.54762
0.128292
4.0741
0.228887
0.0174144
-2.31054
0.0104681
-0.0900085
4.39122
1.46156
-0.388023
0.45706
0.471377
0.794942
-0.288845
0.793903
-1.3
-2.16285
1.72766
-0.346256
0.895984
-0.0084421
0.848423
-0.365781
-0.539392
-0.43371
-1.05897
-1.29058
1.61001
-0.598294
-1.66796
-1.25577
2.24257
-2.43913
0.385444
0.10897
-1.83336
0.337258
0.518227
0.794769
-0.670148
1.14725
-1.27187
-2.07407
1.24512
0.0341806
-0.31871
-0.0472485
0.792098
-0.32016
-0.219883
0.115418
0.243552
-0.0946034
-0.335173
0.157478
0.446071
-2.92112
0.249558
-3.34383
-0.164176
-3.19221
0.424061
0.244843
0.600192
1.3867
-1.4327
1.04628
-1.00028
-2.10303
0.0479117
0.66842
-1.28615
-0.13621
-0.823425
-0.0261114
0.272641
2.49075
3.07562
-3.36349
-0.221452
4.53972
-0.14114
-2.55903
2.70942
-1.95894
-0.531173
-5.21862
0.737451
-33.3837
-11.4173
39.3911
74.5796
33.8343
28.2824
-8.86517
-11.5332
22.0184
11.3003
84.1314
78.1863
79.7147
58.031
-84.376
90.9243
3.40607
-6.56414
26.3257
10.0423
76.7098
71.5881
74.9026
47.375
-73.6413
86.9247
14.7259
3.49351
8.35233
-0.176119
71.5755
54.1079
52.5932
40.2021
-88.7182
99.1054
32.074
14.695
33.1033
15.4431
84.1072
90.3108
96.439
49.6982
-75.0651
84.8906
-2.31896
-6.30508
6.55935
-2.88249
-21.2075
-15.5191
12.2985
51.2842
3.50286
26.2093
-3.06158
-5.54382
6.19712
2.59071
-13.5519
-66.3532
84.1579
77.2789
10.9684
21.2666
26.771
13.2456
23.5142
7.09824
-2.95601
-0.457255
10.072
70.0711
31.8578
-9.62163
8.05656
7.43604
15.0173
6.35067
-37.0389
276.268
130.737
0.645999
1372.06
254.409
-1410.1
7.30315
0
0
0
0
-3190.32
53.4472
3202.55
1.75478
1169.52
555.706
-1289.07
3.14588
0
0
0
0
-4738.25
11.988
4741.42
7.56505
879.315
389.567
-977.033
107.107
0
0
0
0
1346.32
63.3689
-1335.22
1.8438
1222.18
18.1707
-1320.98
615.872
0
0
0
0
1538.32
16.8876
-1531.61
9.94959
709.654
519.288
-710.483
1.77959
0
0
0
0
-417.64
87.7548
450.132
8.97158
2073.21
185.777
-2073.69
24.2244
0
0
0
0
675.589
553.537
-474.286
75.67
466.337
239.697
-547.219
43.2335
0
0
0
0
-406.446
70.3868
419.743
5.47382
-374.7
158.082
258.216
195.617
11.6543
156.843
0
0
