0.283879
0.3508
0.624062
0.23732
0.181105
0.378696
-0.797121
-1.12999
0.720186
0.172481
-0.4325
-0.8971
0.4767
-0.490301
0.630627
-0.423651
3.54788
-2.2572
-0.201546
-1.08914
-5.99998
5.98318
-3.53108
1.09526
-0.197048
-5.53915
-1.62314
0.378889
0.603694
0.36482
0.110098
0.374393
-0.849295
-1.35296
0.959194
0.0289526
-0.367853
-0.887407
0.251958
-0.53578
0.72317
-0.519097
3.12934
-1.75062
-0.0235603
-1.48099
-5.49621
5.89342
-3.58297
1.59413
0.239743
-5.54294
-1.12142
0.411165
0.576228
0.478369
0.0595555
0.381167
-0.919092
-1.55744
1.19625
-0.117179
-0.282713
-0.864433
0.0472324
-0.560856
0.811481
-0.682622
2.71821
-1.24625
0.184928
-1.72112
-4.9998
5.84095
-3.66819
2.09949
0.682055
-5.04647
-0.616527
0.444791
0.54337
0.57909
0.0293174
0.387605
-0.996012
-1.74098
1.42121
-0.259363
-0.177364
-0.836507
-0.138157
-0.565499
0.831831
-0.80911
2.44059
-0.745269
0.134278
-1.98595
-4.49935
5.45787
-3.50508
2.59784
0.688871
-4.5677
-0.112526
0.479311
0.504768
0.670969
0.019312
0.386268
-1.07655
-1.91082
1.64135
-0.401505
-0.0719392
-0.808637
-0.304055
-0.550397
0.846141
-1.00677
2.26526
-0.245786
-0.369685
-1.98654
-4.15681
5.42466
-3.50357
2.59971
0.204699
-4.08653
0.374441
0.513687
0.461679
0.761637
0.0282753
0.359594
-1.14953
-2.07253
1.8545
-0.543576
0.0334827
-0.800412
-0.454333
-0.514959
0.883181
-1.21237
2.22755
0.232888
-0.871105
-1.79186
-3.91844
5.25457
-3.41905
2.1234
-0.297599
-3.69844
0.875122
0.547379
0.412994
0.851977
0.0580048
0.303999
-1.21398
-2.23022
2.06754
-0.689272
0.112937
-0.818099
-0.589069
-0.459328
0.918578
-1.19848
2.23172
0.734608
-1.37071
-1.5828
-3.57567
5.02139
-3.64231
1.62015
-0.788664
-3.31755
1.37237
0.582684
0.365409
0.942195
0.0877646
0.234277
-1.26424
-2.3562
2.26334
-0.849336
0.177958
-0.856022
-0.705121
-0.391326
0.873311
-0.919548
2.224
0.727544
-1.79573
-1.1581
-3.10615
4.58491
-4.09337
1.11686
-1.16597
-2.85648
1.67869
16.7057
10.2701
10.3122
41.4079
3.73556
25.1496
16.0752
6.1486
-9.26647
-5.85744
3.81013
2.76571
5.05605
53.9406
-0.583805
30.5455
14.8884
4.28466
22.022
11.255
18.4026
10.2823
0.768465
38.705
-24.3783
27.2892
20.4653
7.67526
23.1278
12.0109
21.4114
5.87603
-1.2316
73.3157
-45.8706
47.0127
10.9039
-4.06049
29.0292
14.4936
4.64757
0.500461
1.22588
27.6061
-5.27379
13.5409
-24.0516
-19.8728
22.6498
13.8248
-6.01645
-13.6052
-5.54347
57.889
-39.0698
8.64371
-17.2681
-16.5193
23.9231
14.1717
26.5376
6.96186
3.19229
96.3951
-94.4423
38.1449
-12.9276
-17.1836
26.1436
13.6769
5.67563
-3.91587
2.96343
85.9644
-81.5283
67.2756
9.591
-6.87804
-58.9554
-19.2329
-365.616
65.6251
388.613
0.0813266
-79.0402
300.08
-24.7625
0.155362
0
0
0
0
-436.205
38.3968
449.644
9.52786e-15
-196.459
325.842
82.4156
0.148221
0
0
0
0
-363.445
0.146712
363.563
0.000478268
-41.715
325.255
-72.2011
0.232376
0
0
0
0
1721.88
0.160706
-1721.83
0.0055903
520.039
510.101
-699.531
2.84345
0
0
0
0
-301.892
7.30659
302.42
0.0623871
376.425
118.805
-376.435
3.1258
0
0
0
0
-318.05
5.25499
319.056
62.1023
368.098
190.491
-368.028
159.811
0
0
0
0
-234.236
23.689
246.897
12.6455
341.709
471.95
-341.709
187.359
0
0
0
0
-181.812
42.2413
181.812
4.18638
-144.809
600.958
97.7967
24.9212
0
0
-141.671
404.774
