3.5
0.3508
0.624062
0.23732
0.181105
0.378696
-0.797121
-1.12999
0.720186
0.172481
-0.4325
-0.8971
0.4767
-0.490301
0.630627
-0.423651
3.54788
-2.2572
-0.201546
-1.08914
-5.99998
5.98318
-3.53108
1.09526
-0.197048
-5.53915
-1.62314
0.712435
0.409452
1.32345
-0.480686
0.608613
-0.296913
-2.28699
2.1979
-1.09233
0.115128
-0.264259
0.348648
-1.15435
0.739934
-0.42922
2.17226
0.913064
3.49346
2.79466
-2.09838
2.95542
0.272222
0.199246
1.26568
-0.0803753
-1.17418
0.726455
0.197873
1.17711
-0.0241541
0.69963
-0.736774
-2.31934
2.618
-0.918281
0.322361
0
0.869627
-0.786488
0.0266816
-0.522054
-0.292687
1.63419
-1.43451
-3.2686
-0.0346032
-2.6408
-1.13608
2.10021
0.528519
2.38299
0.746286
0.579586
0.365467
0.907675
0.242415
0
-1.15009
-2.33078
2.26017
-0.837066
0.816917
-0.00246296
0.349724
-0.411148
-0.367987
0.339572
-0.538866
-0.843163
0.711433
1.08362
0.361019
-0.71566
0.162429
-0.36157
-0.249973
-1.06493
0.772069
0.43188
0.518687
0.638242
-0.179166
0.692242
-1.10208
-1.88417
1.49532
-0.249393
0.0439086
-0.0335632
-0.42333
-0.284509
-0.270466
-0.22287
-2.28583
1.89998
1.41566
-0.893789
1.93072
-1.59084
1.20226
-2.39035
3.68903
-2.53252
0.3524
0.305472
0.520627
-0.309267
0.335649
1.24547
-1.27186
-0.953199
1.12525
0.137216
-1.03541
-0.00108082
-1.01463
-0.0548889
-0.127763
0.0592805
-1.80913
0.924649
-0.141002
0.227816
1.64969
-0.701788
0.102028
-2.11983
-0.337612
0.943464
0.489056
0.229894
0.557909
-0.846966
0.691049
1.29826
-1.15795
-0.168551
0.523629
0.492001
-1.33676
-0.169887
-0.53963
0
-0.394215
0.460087
-1.0754
0.119159
0.884702
-0.442617
1.50185
-1.74888
0.452192
-0.602692
-5.93165
3.15495
0.00883218
0.160811
0.480901
-1.17183
0.731227
1.74061
-1.3
-0.0106781
0.527601
0.654278
-1.6381
-1.96734
1.047
0
-0.129686
-1.17263
-0.633208
-1.36067
0.641825
1.49181
0.035431
0.0712302
-0.33422
-5.2866
-3.22565
5.30676
-4.16332
-25.8054
-11.249
15.2841
81.3873
27.5884
32.6566
-15.2833
-12.455
25.4524
13.0419
84.9457
93.1917
100
48.3279
-100
77.6152
33.536
14.2614
22.8481
5.83133
85.6903
90.6523
98.9538
47.335
-70.015
92.1431
6.25
-2.54765
19.5832
9.74819
15.0176
8.21171
15.3511
96.3853
-89.0732
56.0763
17.8497
6.45668
0.274303
-7.13311
15.0256
23.287
41.3106
53.4094
-4.46302
21.839
8.91043
3.16227
10.7745
3.65985
-81.2522
-73.6568
36.2571
69.1991
-8.37999
-21.0028
-27.5121
-12.7304
-9.34354
0.52891
-71.5264
-94.5161
-29.1072
7.10718
-9.69055
-15.1788
-9.51992
-4.39717
-13.2223
-5.56236
-39.5554
-78.6452
7.17445
-19.8388
-0.62997
3.06696
5.30727
-0.785606
19.7476
12.8781
-49393.6
138.541
49345.1
0
-386.204
315.06
275.933
0
0
0
0
0
491.81
64.8783
-514.517
1.53244e-14
375.705
596.565
-375.705
-5.55112e-17
0
0
0
2.38916e-15
504.395
9.81862
-504.396
-2.66201e-13
582.201
496.587
-665.14
7.10543e-15
0
0
0
0
940.759
98.7754
-935.073
0.754099
2324.53
542.099
-2324.97
116.212
0
0
-1.14691e-15
0
2856.01
66.2517
-2832.38
1.26034
2557.1
214.472
-2589.83
15.3395
-9.09832e-14
0
0
-3.139e-17
-1053.17
339.204
1065.09
56.5055
5302.7
63.7808
-5317
285.035
0
0
4.84819e-16
0
3319.23
33.6821
-3317.96
234.309
-4473.74
2.55823e-13
4435.84
108.3
0
1.13623e-13
0
0
-1582.78
136.471
1681.1
144.444
-12785.4
0.935016
12785.4
0.444254
2.3684e-14
0
15.6181
44.6232
