3.06341
0.3508
0.624062
0.23732
0.181105
0.378696
-0.797121
-1.12999
0.720186
0.172481
-0.4325
-0.8971
0.4767
-0.490301
0.630627
-0.423651
3.54788
-2.2572
-0.201546
-1.08914
-5.99998
5.98318
-3.53108
1.09526
-0.197048
-5.53915
-1.62314
0.604093
0.33088
2.24247
-1.14709
0.25993
-1.24979
-2.19286
2.45941
-1.01124
0.0128605
-0.983335
-0.238864
-1.20063
2.92873
-1.17189
5.58607
-3.27946
-0.382688
-2.88557
-0.549239
2.2171
-0.690885
-2.18813
-3.01309
-1.63244
-3.02324
0.775095
0.0844789
2.94853
-1.466
0.119749
-1.29753
-2.3562
2.618
-1.27707
-0.0388601
-0.783853
-0.0634762
-0.75581
1.14267
-2.13229
0.561866
-0.427418
-0.125524
-0.0997325
0.0853928
0.363422
3.92385
1.1736
0.282215
0.632966
1.01769
0.679121
0.0233465
3.0705
-1.43839
0.060285
-1.29975
-1.37216
2.618
0.38796
0.419111
-0.661344
0.213252
-0.310985
-0.219127
-0.02199
-0.186771
0.493936
-0.410852
-0.00458349
3.67973
-0.0440236
2.13159
1.04551
0.791885
0.759073
1.32384
0.583147
0.0267079
2.43103
-0.802541
0.00206696
-1.29987
0.317201
2.59772
0.65763
0.877082
-0.537794
0.546336
-0.478982
-0.907387
0.384762
-3.26895
3.10253
-0.133072
0.107347
3.86164
-1.62167
0.611386
-1.11721
-0.560739
1.00901
-0.391427
0.567145
0.00293498
1.47835
0.0722542
0.173597
-1.2647
0.711125
2.618
0.733
0.390809
-0.217272
0.487348
-0.190076
-0.0836451
-0.437156
-2.74955
1.82627
0.632951
0.0916705
0.134587
0.0420941
-1.78989
-5.05304
0.730997
-0.148367
0.664191
0.476722
0.512478
0.193404
0.451693
0.453488
-1.0972
-0.822538
1.55237
-0.515431
-0.62015
-0.0043759
0.408389
-0.0152369
-0.468311
-2.26977
1.89935
-0.643163
0.94508
0.410992
-3.50476
-2.1631
-2.87606
-2.10585
-0.115153
-2.48187
-0.0974877
0.276016
0.574821
1.32121
-1.3237
1.09727
-1.07284
-2.3562
0.718817
0.303324
-1.51797
-0.0546569
-0.689007
-0.0865616
-0.0703303
-0.0413177
4.40505
-4.05917
2.23601
-3.34281
-6
-1.90118
1.86986
-2.05429
-0.114802
-5.57346
-3.53911
-3.45114
5.32593
62.2115
5.73965
2.36756
8.61744
-17.0811
-11.3789
26.2645
15.3091
-32.2675
34.4077
100
82.8191
98.9586
99.5964
8.3619
2.04892
15.844
5.27902
62.4153
71.9291
100
-99.0507
100
-0.878194
21.418
17.2668
12.3835
11.8045
98.9944
92.825
100
-87.3439
100
-94.437
-21.9279
-10.0791
-9.60858
-5.04139
83.7717
77.1297
78.0275
51.4022
100
-37.9791
-20.3588
-8.43419
-7.21568
-3.85848
12.81
47.1562
89.439
-1.88808
5.22806
-12.1626
3.36128
-1.57997
17.0226
10.172
-35.5233
-14.0804
45.73
-7.26241
0.927151
14.8784
29.2128
20.6669
-6.68894
-4.84852
-46.1476
-71.4296
2.23595
-21.1083
-17.9569
-6.67727
21.1218
15.8873
13.4955
1.32073
446.218
402.322
-345.97
-4.96608e-14
664.693
88.0406
-696.106
0
0
0
0
0
3313.53
172.915
-3283.75
-5.35619e-14
449.568
10.3959
-449.568
0.479056
0
0
0
0
1286.36
131.845
-1286.36
7.97095
258.279
578.242
-546.219
244.436
0
0
0
0
1211.71
7.89602
-1211.71
41.9989
706.681
568.062
-716.638
79.9301
0
0
0
0
1000.21
30.8789
-993.409
8.99178e-14
1393.85
475.156
-1480.82
111.918
-1.04912e-15
0
0
0
815.583
118.877
-774.761
21.0663
110.926
49.1914
-133.427
14.8674
0
0
0
0
3496.62
286.121
-3403.63
6.43184
248.319
0.0601368
-265.866
51.0484
0
0
0
0
-3482.06
213.642
3610.04
151.598
-1261.48
60.8724
1211.89
115.101
-144.248
508.784
0
0
