3.5
0.3508
0.624062
0.23732
0.181105
0.378696
-0.797121
-1.12999
0.720186
0.172481
-0.4325
-0.8971
0.4767
-0.490301
0.630627
-0.423651
3.54788
-2.2572
-0.201546
-1.08914
-5.99998
5.98318
-3.53108
1.09526
-0.197048
-5.53915
-1.62314
0.544745
0.341841
0.585292
-0.625292
1.94305
0.0148816
-1.81537
2.40798
-0.897224
1.04374
-0.996893
0.325627
-1.34925
0.393128
-0.56111
4.09779
-1.25128
3.11583
2.2141
-1.54112
3.42438
0.197651
2.95499
-0.196608
-0.257594
-2.74858
0.627092
-0.0203251
2.56186
-1.17782
1.06915
-0.603362
-0.818646
2.61355
0.626763
0.792896
-1.09292
0.718659
-1.10378
1.69342
-0.710866
6.5923
3.14183
-1.74134
-1.23649
1.99345
-0.724953
3.04662
-1.42106
4.29449
1.07023
1.09754
0.639775
-0.0598574
3.12657
-1.2213
0.0138977
-1.22401
-0.410985
2.31606
0.10859
-0.0990526
-3.19826e-26
0.0809163
-0.525907
0.0473176
-0.0781449
1.13779
-0.475735
-2.11051
-3.03361
3.72761
-0.552605
-2.12471
-1.7839
3.04549
-1.28911
4.8428
0.681242
0.197085
3.14127
-1.68622
0.0443721
-1.25477
-1.6493
0.0166973
-0.953639
-0.419266
-0.814019
-1.04631
0
-0.556808
1.05021
-0.354723
-3.96305
0.234093
1.70127
-2.48335
-4.59
2.88596
-0.640331
-1.62804
-2.90313
1.0518
0.41459
0.680465
1.84676
-1.33774
0.161381
-0.404137
-2.34817
0.211874
0.474999
-0.624147
-0.754209
-2.49788
-0.183516
-1.50329
-1.17374
-2.60844
1.07963
0.175656
-1.04206
-1.12224
0.400352
-0.429126
2.87171
0.285461
0.783901
-0.382579
0.31838
0.613608
1.3901
-1.08729
0.594618
-0.890162
-2.3187
0.685897
0.236784
0.311671
-0.611674
-1.80676
-0.109222
-0.253572
-1.88578
-0.874624
-0.342886
0.930686
-0.281941
0.103158
0.125105
-3.44874
1.3248
2.39961
5.27329
0.523121
0.289178
0.593382
1.35416
-1.28718
0.967194
-1.04181
-2.25497
0.51686
0.617808
0.264973
-0.489986
-1.20925
-0.0789226
1.76343
0.126773
1.88746
-1.20243
-0.739774
-0.632411
0.525914
-1.74038
1.71162
-1.45922
-0.450729
0.793762
-0.385218
-30.8182
-12.7177
6.74274
58.1645
25.9493
18.5843
0.345777
-3.96966
4.89268
-0.417803
-18.7911
-8.83939
75.7373
69.4294
12.5786
92.1199
20.6863
5.18016
31.6428
14.852
6.75892
90.5928
90.4201
20.3319
99.7832
37.8199
-23.8796
-6.12655
2.25938
7.31793
18.7258
54.4392
100
8.0559
100
-99.7799
-9.02774
-8.58768
-21.7559
-13.0939
-64.472
13.2964
99.4207
21.5289
60.019
99.0032
7.03432
2.24869
10.2053
1.40781
-7.43986
35.6641
96.4701
97.7106
82.4593
67.0707
27.7994
13.4333
4.44173
3.09232
-42.9611
-22.2718
21.4014
98.9475
39.4057
-5.41049
1.52161
-2.91716
13.3745
10.7071
-29.3092
-83.1216
3.55964
77.0869
13.5874
-45.1037
28.0082
7.11734
25.6253
21.244
496.023
79.071
-523.396
0.644063
-2298.12
150.788
2255.03
0.339442
0
0
0
0
469.922
131.54
-520.311
211.827
1156.53
278.648
-1223.88
3.10085
-1.32295e-14
0
0
0
465.901
82.0922
-532.409
112.905
-82.8136
112.886
80.3624
60.9927
-2.95686e-14
0
0
0
653.432
193.073
-684.032
10.7015
689.933
120.654
-699.849
568.345
0
0
0
5.35654e-18
1863.45
145.983
-1889.62
122.003
873.67
69.5953
-907.052
29.1725
0
5.26526e-15
0
0
1114.69
327.554
-1124.53
22.8526
1283.21
156.068
-1283.21
43.7092
0
0
0
0
13429
84.5455
-13429
83.1368
992.512
10.8388
-938.461
149.143
-1.38491e-14
0
1.33996e-13
0
-244.14
155.166
423.753
358.012
-289.103
21.7157
403.29
311.461
-3.60652e-15
-1.03527e-13
94.3554
291.075
