0.277716
0.3508
0.624062
0.23732
0.181105
0.378696
-0.797121
-1.12999
0.720186
0.172481
-0.4325
-0.8971
0.4767
-0.490301
0.630627
-0.423651
3.54788
-2.2572
-0.201546
-1.08914
-5.99998
5.98318
-3.53108
1.09526
-0.197048
-5.53915
-1.62314
0.376706
0.605777
0.368563
0.104215
0.369282
-0.84206
-1.34855
0.939801
0.0401837
-0.389047
-0.886218
0.267154
-0.535986
0.710844
-0.420418
3.30777
-1.7743
-0.239226
-1.5018
-5.50841
5.5354
-3.32342
0.610885
0.274409
-5.27968
-1.15125
0.404487
0.583802
0.49175
0.0411921
0.359777
-0.892719
-1.54789
1.14152
-0.0853873
-0.364815
-0.869966
0.0695112
-0.562197
0.727216
-0.496214
3.04361
-1.27851
-0.138134
-1.27813
-5.02368
5.08418
-3.11228
0.15042
0.403518
-4.97823
-0.660049
0.433321
0.558732
0.611206
-0.00955756
0.34173
-0.943379
-1.73454
1.3299
-0.20656
-0.358859
-0.849035
-0.120019
-0.569353
0.753238
-0.587494
2.80597
-0.786997
-0.453729
-1.14665
-4.69332
4.74908
-3.018
-0.343846
0.528411
-4.77308
-0.17938
0.462939
0.5307
0.722585
-0.0394001
0.305683
-0.988868
-1.90583
1.50952
-0.326267
-0.372515
-0.813602
-0.309549
-0.556919
0.792439
-0.705112
2.61704
-0.312752
-0.907175
-1.14288
-4.3141
4.48505
-3.01355
-0.839728
0.892372
-4.44794
0.314701
0.492657
0.499304
0.826464
-0.0489616
0.251186
-1.02869
-2.06476
1.68427
-0.445975
-0.405847
-0.778169
-0.486185
-0.524944
0.827211
-0.778129
2.49125
0.178646
-1.37322
-0.861035
-3.91501
4.39908
-3.00853
-1.09404
0.892681
-3.95606
0.807576
0.521952
0.463642
0.925325
-0.039416
0.177031
-1.06294
-2.21688
1.85903
-0.567481
-0.43931
-0.742736
-0.643315
-0.473583
0.90312
-0.897726
2.30137
0.623842
-1.86901
-0.538528
-3.50489
4.20555
-3.05935
-0.847595
0.603356
-3.46261
1.29655
0.546747
0.427979
1.0166
-0.0182852
0.0860754
-1.08439
-2.3562
2.01586
-0.676261
-0.462121
-0.718796
-0.780882
-0.409589
0.966632
-0.7983
2.30289
0.50435
-2.29266
-0.123362
-3.03323
3.75252
-2.74184
-0.580085
0.165636
-3.0086
1.61469
1.30711
0.595265
46.0982
37.4891
4.68887
21.0855
-16.5542
-10.7695
16.6388
8.24158
20.4752
10.7087
0.543637
46.451
-15.6275
15.8717
-8.82273
-7.701
20.9297
11.0259
32.6567
13.7123
2.17949
62.3487
-31.9661
32.3357
-17.9014
-16.6054
23.264
11.3807
3.38213
-0.736065
-1.26203
65.4857
-14.8912
18.0902
-9.53056
-6.99809
13.8448
6.87046
22.7066
7.75225
3.94224
48.1143
-45.2438
22.7952
-7.70063
-6.92982
30.0745
16.1911
18.8636
5.35438
0.230955
68.1764
-57.9628
14.9628
-3.42191
-7.24722
26.4374
14.1096
3.43083
-1.73554
-0.804287
58.5589
-36.0917
22.1622
8.90172
0.103762
22.7359
12.9361
-50.306
-16.5919
35.7215
28.6863
-27.3777
14.693
5.32013
-5.95461
4.11254
29.2665
2787.88
309.895
-2668.19
32.0706
148.375
255.779
-240.947
21.6635
0
0
0
0
-543.09
0.809791
543.09
0
110.041
277.824
-214.69
71.8148
0
0
0
0
1490.84
3.24051
-1489.72
0
298.347
421.331
-461.963
46.144
0
0
0
0
-2785.12
2.79902
2786.11
0
824.08
245.847
-839.164
90.3948
0
0
0
0
3165.95
24.0883
-3159.78
3.93824e-14
1264.63
317.7
-1382.15
63.779
0
0
0
0
-2785.8
4.59789
2785.85
-1.77636e-15
536.568
295.649
-571.471
177.081
0
0
0
0
354.454
4.52708
-354.454
5.84229
-497.985
244.573
497.985
80.7201
0
0
0
0
152.064
237.301
-68.8401
0.481086
-566.378
175.51
564.351
80.1832
0
0
-45.328
455.34
