3.1997
0.3508
0.624062
0.23732
0.181105
0.378696
-0.797121
-1.12999
0.720186
0.172481
-0.4325
-0.8971
0.4767
-0.490301
0.630627
-0.423651
3.54788
-2.2572
-0.201546
-1.08914
-5.99998
5.98318
-3.53108
1.09526
-0.197048
-5.53915
-1.62314
0.579516
0.430854
0.868669
0.102412
0.194142
-0.941797
-2.12887
2.02872
-0.737121
0.0681417
-0.224704
0.406175
-1.23224
0.963009
-0.077425
2.06038
0.440877
-2.90224
-0.29567
-1.97779
1.06963
-1.30856
0.0529272
1.47706
-0.0198918
-3.12755
0.69533
0.264483
0.985096
0.304534
0.127906
-1.20881
-2.1989
2.618
-1.08428
0.023846
-0.0324644
0.641672
-0.96691
0.430366
-0.224557
-0.607622
0.23871
0.436786
-0.79065
-0.15261
1.8631
-0.691907
2.37543
-0.632578
1.18302
0.81898
0.659766
0.274136
0.879331
0.448932
0.0403965
-1.07012
-2.23945
2.618
-1.17334
0.528263
-0.262007
0.91622
-0.385794
-0.124859
0.295073
0.18309
0.578042
-2.04583
0.964
-0.894206
-0.489044
0.0900488
-0.415463
-0.364904
-1.6228
1.30734
0.613241
0.371114
0.550652
0.606446
0.057239
-0.896303
-1.8797
2.27895
-0.972112
-0.0984878
-0.0291103
-0.270832
-0.372568
-0.274221
-0.159017
-0.735931
0.33366
0.366956
-0.436194
1.062
-1.18804
0.452736
-1.95196
1.7523
-2.74624
0.0376912
0.550852
0.422057
0.141842
0.685536
0.458974
-1.20421
-1.49456
2.04138
-0.680846
-0.471916
-0.0171963
-1.45476
-0.217361
-0.233627
-0.634572
-1.47324
0.165797
1.17574
-1.93374
0.668233
-0.279739
0.919801
1.63175
0.0236507
-0.436623
1.77927
0.444927
0.50448
-0.2221
0.700468
0.715678
-1.14312
-1.05712
1.58145
-0.302223
0.333846
-0.214372
-0.872315
0
-0.526456
-0.126495
-0.746711
-0.280133
-1.25109
0.68611
1.4038
-1.56978
0.519311
2.1791
-1.37978
2.4802
3.26835
0.203147
0.44782
-0.866853
0.499817
1.77107
-1.24013
-0.553745
0.999364
0.421234
0.481251
-0.848702
0.714287
0
-0.374315
-1.01078
-1.87034
-2.28627
2.28916
-4.15763
0.843493
-0.693423
5.30689
-0.614971
-4.86874
6
-0.328455
-58.7816
-34.0851
10.9047
83.6395
23.9908
6.27722
-9.40042
-6.74847
19.5672
8.75729
74.5736
72.9091
71.2354
67.243
-97.2312
67.1701
22.6716
6.3334
22.1378
4.86871
81.0191
73.0591
76.2534
37.55
-88.9343
84.9073
13.8413
2.80317
17.9391
7.73853
23.4839
23.6688
38.7333
51.9917
-99.8174
49.8585
13.4017
4.04916
8.75903
0.258132
54.2643
58.3542
62.373
28.1709
-70.9422
29.4524
10.8777
3.53274
6.60901
-0.616723
-29.6299
-16.1222
11.5254
68.5417
-51.2207
49.565
4.79979
3.18021
-7.91159
1.92033
-88.9567
-64.0816
-12.0704
56.1664
-54.415
-33.2675
-8.41437
-5.48072
-7.96785
-0.257263
-84.7292
-60.1471
-15.6094
68.9981
30.0827
-9.94051
-20.9918
-18.3273
-1.49556
-3.00049
728.899
155.237
-786.265
16.2528
413.358
138.889
-413.298
121.906
0
0
0
0
1358.05
7.79692
-1361.89
1.69132
1331.03
592.624
-1423.83
32.1399
0
0
0
0
1608.12
16.0272
-1620.06
20.6146
1098.64
375.436
-1199.16
150.453
0
0
0
0
561.23
51.2031
-578.632
23.5793
346.317
436.07
-346.317
79.4136
0
0
-2.13495e-13
0
867.169
15.9143
-879.058
10.1764
984.328
328.256
-1020.94
40.5961
0
0
0
0
236.085
93.602
-258.064
15.2616
886.794
439.668
-899.454
23.4736
0
0
0
0
-117.37
44.8878
110.601
143.125
250.173
5.28007
-250.169
381.174
0
0
0
-4.23258e-15
275.069
0.754134
-330.234
156.858
-50.6437
12.3669
119.52
184.725
0
0
0.376608
4.95101
