2.04912
0.3508
0.624062
0.23732
0.181105
0.378696
-0.797121
-1.12999
0.720186
0.172481
-0.4325
-0.8971
0.4767
-0.490301
0.630627
-0.423651
3.54788
-2.2572
-0.201546
-1.08914
-5.99998
5.98318
-3.53108
1.09526
-0.197048
-5.53915
-1.62314
0.513922
0.467617
0.572569
0.16873
0.396421
-1.02189
-1.90605
1.85796
-0.487248
0.404629
-0.645278
-0.70554
-0.965444
0.771755
-0.534312
1.07735
-0.0109551
0.0599151
-0.460902
-2.53964
2.53424
-1.22133
2.85664
2.77577
-4.03169
-2.27261
0.587816
0.351529
0.493403
0.433455
0.474096
-1.24226
-1.99361
2.31152
-0.668419
1.047
-0.00402283
-1.88778
-1.63199
0.288079
0.180509
-0.386039
1.09269
1.00124
-1.49555
-0.281298
1.16962
-0.613186
2.19542
3.3133
-0.828538
-0.177046
0.572592
0.379445
0.385212
0.523057
0.458053
-1.26377
-1.88632
2.24177
-0.60327
1.04359
-0.000941839
-2.13131
-1.54731
-0.00073433
0.0963873
-0.296198
0.288007
-0.135445
-0.0672012
0.571835
-0.389691
0.296476
-0.174617
-0.000453622
1.84494
2.10947
0.548576
0.408875
0.298797
0.537329
0.458339
-1.27811
-1.71885
2.11986
-0.552709
0.928587
-0.000756118
-1.58839
-0.93076
-0.13756
-0.223278
0.294191
-0.53506
0.0468015
0.328417
0.753745
-1.49152
-0.0874275
-1.95982
0.000651897
2.5746
2.68859
0.491864
0.493522
0.386201
0.33724
0.370982
-1.09141
-1.65293
1.68578
-0.329967
-0.243694
0
-0.83331
-0.743604
-0.209741
0.297511
1.02653
-0.958344
-0.767487
0.903509
-0.199947
-1.3622
0.817247
-4.23032
0.910539
4.28826
0.629038
0.428188
0.577126
0.689174
-0.0346503
0.185491
-0.827517
-1.74089
1.18671
-0.0495818
-1.48209
-0.188147
-0.443951
-0.556449
-0.426641
0.28525
3.77612
-3.52605
-0.633266
0.278417
-1.87911
-3.51499
2.14052
-1.59428
-0.769516
1.19324
0.702027
0.318141
0.65204
1.53731
-1.08045
0
0.034117
-2.24598
0.303534
0.405144
-1.92845
-0.413743
-0.997907
-0.531262
1.24814
0.0397323
2.89551
-3.75894
-0.640669
3.7614
-0.533215
-2.60933
0.17924
2.03034
1.61884
-1.94324
-0.116946
-20.7414
-10.6521
-3.1145
95.9246
29.6092
27.8342
-8.03027
-8.34093
7.3374
-0.208296
37.2498
22.6514
19.5217
96.0754
-94.3384
67.0013
40.2789
15.717
-0.807074
-8.46276
16.7709
16.935
25.7433
97.6478
-99.029
66.2211
-3.58814
-9.73933
-4.5145
8.9748
2.76992
4.15913
16.2444
-6.42068
-62.3504
-20.0405
-1.09788
-4.26477
11.5731
11.8715
-22.8736
-10.0287
13.0435
76.5187
-76.3958
32.6883
18.9393
7.983
-16.5698
-8.26041
-20.6586
-13.8489
9.09072
94.7816
-52.4202
14.4195
-5.86264
-4.66643
-7.09864
-5.56175
-20.078
-11.4542
1.67871
15.7008
-23.2326
-20.4368
35.8997
21.7186
-8.71728
-7.76484
11.2064
35.9245
57.0158
98.647
37.0367
-23.5926
-11.1833
-6.71225
-6.61567
13.5468
664.693
6.84734
-668.119
5.39091e-16
347.023
309
-383.28
62.482
0
0
0
0
422.869
56.0353
-422.869
0
484.432
668.601
-666.219
24.3398
0
0
0
0
732.428
13.5891
-735.023
24.3039
520.92
576.705
-582.758
92.218
0
0
-8.11503e-14
0
394.263
56.7391
-397.303
0.99309
-199.272
48.1116
191.624
145.882
0
0
0
0
713.703
98.0522
-714.311
2.48813
353.899
368.915
-353.723
167.8
0
0
0
0
-5.87231
100.739
-23.4392
0.862947
118.48
325.766
-117.303
227.718
0
0
0
0
856.119
28.2455
-851.555
51.66
-344.129
9.61198
344.146
144.739
0
0
0
0
548.622
104.947
-494.073
50.9069
-69.6419
1.97747
172.532
309.601
0
7.56199e-15
70.6605
261.918
