0.276066
0.3508
0.624062
0.23732
0.181105
0.378696
-0.797121
-1.12999
0.720186
0.172481
-0.4325
-0.8971
0.4767
-0.490301
0.630627
-0.423651
3.54788
-2.2572
-0.201546
-1.08914
-5.99998
5.98318
-3.53108
1.09526
-0.197048
-5.53915
-1.62314
0.377086
0.605598
0.37587
0.0982962
0.367787
-0.841954
-1.35573
0.941389
0.0365723
-0.371338
-0.904862
0.258247
-0.540436
0.687272
-0.439702
3.20189
-1.95998
-0.364531
-1.31035
-5.54292
5.59116
-3.39111
1.55103
-0.190642
-5.54709
-1.27402
0.406218
0.582792
0.50191
0.0374843
0.353483
-0.893904
-1.56092
1.15119
-0.0921749
-0.310192
-0.91238
0.0399141
-0.571667
0.740947
-0.50783
2.87203
-1.47371
-0.362959
-1.34923
-5.11878
5.31546
-3.25684
1.54898
-0.457588
-5.55209
-0.794325
0.435725
0.556561
0.615029
-0.00706092
0.339178
-0.947092
-1.74342
1.34474
-0.216343
-0.249112
-0.924457
-0.171481
-0.583685
0.788041
-0.631862
2.62361
-0.987735
-0.315704
-1.34581
-4.62616
4.8349
-3.10659
1.27271
-0.944668
-5.25249
-0.306912
0.464556
0.528237
0.719217
-0.035868
0.314434
-0.997783
-1.90798
1.52247
-0.333709
-0.198875
-0.961563
-0.370688
-0.57684
0.744702
-0.662973
2.6407
-0.498821
-0.624792
-1.21219
-4.14242
4.42845
-2.93379
0.99942
-1.423
-4.78041
0.171495
0.493943
0.496009
0.820082
-0.0494945
0.275492
-1.04598
-2.06583
1.69878
-0.453036
-0.159379
-1.01754
-0.551246
-0.550916
0.755095
-0.716538
2.53829
-0.0108088
-1.05369
-1.21672
-3.85672
4.55247
-3.08924
0.631718
-1.8965
-4.29009
0.655367
0.523926
0.458161
0.915131
-0.0430396
0.222141
-1.09423
-2.21807
1.8813
-0.578366
-0.134432
-1.09204
-0.712635
-0.50577
0.879044
-0.869524
2.18052
0.453572
-1.35338
-1.33188
-3.76072
4.65514
-3.29075
0.301129
-2.03622
-3.80509
1.14303
0.55361
0.416412
1.0011
-0.0250966
0.16894
-1.14494
-2.3562
2.06332
-0.708216
-0.117902
-1.16858
-0.854893
-0.460624
1.01355
-0.986541
1.74162
0.444537
-1.2317
-0.974866
-3.49393
4.40655
-3.26292
0.407081
-1.94849
-3.37171
1.12519
-23.3739
-9.77443
-3.01993
84.6607
13.4117
-0.0131445
6.1884
-1.452
4.27945
0.119541
29.5984
11.5345
0.242735
59.0045
-36.9287
15.6778
9.72041
-1.45732
9.35464
3.23009
6.5082
4.90127
3.08045
83.9492
0.316223
17.186
-28.3861
-24.5062
9.93022
3.99306
35.2864
13.8451
1.60799
37.3147
-56.3583
12.2819
-10.6428
-12.9708
29.9227
15.8481
42.431
15.0254
2.61685
52.453
-75.6986
27.3997
-10.944
-14.1793
35.5709
18.8199
8.60681
1.35746
-0.5889
78.7644
-25.9471
27.0277
-20.6833
-19.2283
22.9808
12.0915
-10.6208
-5.15951
2.01852
99.5124
-9.80258
27.7417
-12.2386
-11.4756
14.267
7.68507
-21.0867
-7.26521
-0.922668
30.9709
-57.4906
14.4307
13.2069
-0.455879
59.9566
49.2081
10.9196
2.6144
-13.0573
0.279446
2.4746
182.546
-8.54574
202.27
0
0
0
0
47.0286
0.00621746
-42.7891
1.01168e-25
-50.9338
383.762
-133.604
143.501
0
0
0
0
24.5797
18.4637
-17.9803
1.8262
104.686
239.606
-104.686
113.253
0
0
0
0
31.098
4.7612
-29.0025
0.592431
-146.913
295.109
5.81542
108.026
0
0
0
0
-6.69342
8.35334
9.50789
0.0044702
-83.2782
428.173
-100.036
95.5824
0
0
0
0
38.7242
9.1716
-36.7676
-6.93431e-15
-11.6259
303.207
11.6259
100.052
0
0
0
0
15.7114
26.7372
-15.1136
0.0275971
34.8368
247.947
99.6974
136.436
0
0
0
0
-22.0109
3.64671
22.0391
0.00100241
-80.695
218.425
80.695
114.842
0
0
72.6982
207.731
