2.46466
0.3508
0.624062
0.23732
0.181105
0.378696
-0.797121
-1.12999
0.720186
0.172481
-0.4325
-0.8971
0.4767
-0.490301
0.630627
-0.423651
3.54788
-2.2572
-0.201546
-1.08914
-5.99998
5.98318
-3.53108
1.09526
-0.197048
-5.53915
-1.62314
0.453547
0.513179
1.12082
-0.613641
0.67201
-1.12412
-2.3562
1.55724
-0.34007
-0.0468671
-0.282756
-0.334431
-0.880314
0.738957
0.00857682
1.9994
-2.59133
0.83305
0.758749
-2.81954
1.95976
-1.11451
0.965571
1.74612
-2.30396
1.27186
0.516187
0.465598
1.05043
-0.331694
0.507509
-1.13239
-2.3465
1.84407
-0.548009
0.258855
-0.00459963
-1.19315
-0.432146
0.121435
-0.153889
-0.199992
1.52464
-0.468053
-0.0231351
0.287407
0.815677
-0.521623
4.04424
-0.138659
-2.64074
1.27311
0.538228
0.41146
0.593462
0.238646
0.449997
-1.28211
-1.99599
2.06136
-0.658835
1.047
-0.0540019
-2.12242
-0.36726
0.0477511
-0.39454
-1.35871
2.43488
0.0616587
-0.675196
1.67445
-0.103591
0.536855
2.23685
-0.13952
-1.42717
-0.127394
0.525541
0.42935
0.143921
0.641088
0.475092
-1.2601
-1.5228
1.98395
-0.605071
0.912756
-0.560654
-2.54897
-0.411822
-0.228985
0.244359
-1.13992
0.302236
1.2723
0.066889
1.34338
-0.23479
-1.37048
-1.99418
-1.43873
0.87527
0.112346
0.402628
0.507085
-0.249635
0.585834
0.920948
-1.25715
-1.0503
1.47345
-0.17352
-0.493731
-0.851143
-2.24182
-0.454189
-0.482294
-0.0248038
-0.102925
-0.159346
0.729198
-0.00390132
0.647996
-1.59461
1.51202
-4.07456
1.0365
1.59566
-0.11984
0.296616
0.522319
-0.500287
0.501301
1.26561
-1.26723
-0.751707
1.08374
0.168251
-1.67084
-0.406756
-1.11257
-0.366758
-0.299644
0.0432428
-0.710482
0.611189
1.25418
-1.79828
1.13291
-0.807949
0.413549
-0.507852
1.55921
5.07479
0.651775
0.161436
0.469409
-1.15538
0.701008
1.77907
-1.29999
-0.0907664
0.625274
0.620869
-1.32235
-0.13154
0.999873
0
-0.171987
-0.193943
-3.72925
0.422773
1.583
-0.0294089
4.06043
-2.47397
1.83099
1.89878
0.782725
5.99983
3.80123
-37.2953
-14.0071
20.8819
93.6215
40.5189
32.785
-16.9797
-12.1994
21.3968
11.0369
54.7916
32.9876
25.203
99.7562
-77.2109
65.5648
36.6815
14.0483
27.4302
8.50825
59.3782
48.2668
43.2599
99.9505
-50.6091
42.2911
8.10455
-1.53445
-26.8225
-18.9665
23.6008
11.0291
1.17427
84.309
-66.5042
60.9914
5.84418
1.40559
-4.96482
2.85771
-52.5619
-26.8894
28.6664
61.3438
-42.1099
33.0424
-5.83567
-11.7796
-6.2381
-0.321123
-71.5126
-56.4935
20.8361
17.4521
-16.3004
-3.5312
6.83201
6.42978
6.16333
5.66948
-48.7912
-63.491
10.9944
37.2154
-24.0974
-13.9201
-15.6655
-3.43068
-5.35639
1.69619
-34.0618
-34.1889
-8.20222
15.4824
-0.957378
-9.52507
-5.77562
-6.02269
1.72188
0.738946
-5493.98
158.962
5549.62
0
211.027
290.627
-211.027
14.7377
0
0
0
0
1445.36
32.4772
-1433.47
-2.77999e-15
-480.692
697.647
238.954
6.35616
0
0
0
0
2014.52
1.15604
-2014.17
0
477.341
427.801
-497.893
87.5833
0
0
0
0
1128.32
5.38857
-1126.81
2.80543e-24
445.801
557.311
-520.722
0.917651
0
0
0
0
497.442
198.076
-427.533
15.8134
31.4565
335.773
-70.6982
62.2638
0
0
0
0
558.09
215.442
-556.555
78.8917
79.7428
56.2846
-98.5601
90.8854
0
2.79278e-15
0
-1.00018e-14
-36.3334
146.354
117.041
142.607
138.683
110.617
-208.328
200.202
0
0
0
0
184.464
2.02845
-184.464
74.4298
519.492
8.92437
-548.449
86.1167
0
0
-0.390692
21.2055
