2.81067
0.3508
0.624062
0.23732
0.181105
0.378696
-0.797121
-1.12999
0.720186
0.172481
-0.4325
-0.8971
0.4767
-0.490301
0.630627
-0.423651
3.54788
-2.2572
-0.201546
-1.08914
-5.99998
5.98318
-3.53108
1.09526
-0.197048
-5.53915
-1.62314
0.629836
0.373767
1.34491
-0.22784
0.144846
-0.912467
-2.3562
2.28405
-1.22874
0.00727206
-0.392429
0.129132
-1.25689
0.941085
0.463651
3.86003
0.154931
-0.59275
3.52785
-3.05314
3.34479
-4.66209
-2.71486
1.29641
-0.723592
-2.38757
0.727193
0.307915
1.3159
-0.164967
0.0246266
0.105374
-2.34931
2.55432
-1.29075
-0.156585
0
0.59703
-1.65278
0.400694
-0.530481
-0.14046
3.1055
2.77806
2.15539
0.129626
0.485698
-0.150793
-0.265376
0.976405
1.41596
-0.973547
0.705519
0.293088
1.13325
0.0829534
0.264822
-0.268422
-2.29132
2.60419
-1.20191
0.0663394
-0.0851167
0.313293
-1.90161
-0.155684
0.0605475
-0.479962
0.615911
-0.501293
-2.07505
0.194253
-0.351785
0.869719
1.09237
-0.201846
-1.19155
1.82587
0.643001
0.321254
0.820257
0.404997
0.0823433
-1.08396
-2.15681
2.46186
-1.02042
0.51808
-0.0190271
-0.0936474
-1.1678
-0.350819
-0.210236
-1.29408
1.02203
-0.444671
1.24489
1.10216
-0.459413
0.175767
1.52336
1.12447
-0.0350116
3.92448
0.575686
0.37199
0.400757
0.664776
0.145084
-1.21062
-1.78503
2.24682
-0.862556
0.759042
-0.0608759
0.118095
-0.793719
-0.16195
0.119169
-0.590995
0.516455
0.549329
-0.938813
0.778315
-1.05379
0.627204
0.581285
-0.337517
3.67746
0.933866
0.58245
0.355771
0.444383
0.655751
0.130218
-1.22875
-1.88494
2.29449
-0.85394
0.278351
-0.175196
0.17979
-0.419633
0.0357123
-0.141887
0.480426
-0.238569
-0.462799
0.32851
-1.56324
0.563684
-0.107421
-1.38095
0.0586188
0.155407
2.93216
0.599443
0.315895
0.849372
0.376324
0.0131313
-1.23883
-2.34037
2.4376
-0.946599
-0.223989
-0.946544
-0.487836
-0.212153
0.933481
0.461959
4.19338
-2.70696
-0.0449614
-3.43426
-1.12966
-1.33516
-2.87597
0.00830536
-2.23329
-1.68111
0.454484
-50.2957
-25.0458
21.0276
93.7146
33.2699
34.0341
-13.2721
-10.5636
30.6481
15.8317
84.8549
53.6867
30.6766
44.0194
-98.6594
99.0739
18.6206
6.40487
22.0043
5.23025
96.0122
95.7084
99.359
48.0242
-66.4428
100
17.8348
3.33708
6.62676
0.460865
55.2947
71.068
100
72.4994
-82.0321
100
25.7304
11.0318
13.2704
0.333792
41.5033
33.9995
30.0397
38.3118
-59.8479
47.953
11.9241
3.38188
12.4478
1.44642
-55.4424
-18.833
38.0978
79.6873
-59.306
63.4973
11.5055
1.79347
9.38705
-0.71946
-25.7707
-18.751
-4.32099
27.7124
-27.1935
-1.44647
5.5012
2.73834
-10.0524
-6.45261
-61.4972
-13.2464
52.6224
-6.4481
4.63236
3.00195
9.70324
2.27254
29.2323
31.027
-991.889
190.16
979.036
3.77748
489.687
326.52
-586.494
3.1249
0
0
0
0
365.521
0.592087
-366.867
-2.93099e-13
3280.59
622.054
-3370.99
2.16185
0
0
0
0
468.467
2.04215
-469.193
0.0728311
1438.41
425.25
-1519.7
90.7661
0
0
0
0
492.108
99.6374
-518.552
1.03483
1520.65
404.522
-1555.24
201.286
0
0
0
0
508.145
23.1124
-508.145
0.178193
646.566
335.013
-689.84
7.5526
0
0
0
0
444.431
246.123
-361.086
5.47283
783.719
522.766
-783.719
10.4621
0
0
0
0
-19.4423
9.02112
22.7489
47.7778
-1.47363
44.0635
69.7648
151.054
0
0
0
0
290.401
332.262
-172.136
5.63995
495.57
29.1166
-493.967
1.42474
0
6.63586e-15
145.424
416.999
