3.5
0.3508
0.624062
0.23732
0.181105
0.378696
-0.797121
-1.12999
0.720186
0.172481
-0.4325
-0.8971
0.4767
-0.490301
0.630627
-0.423651
3.54788
-2.2572
-0.201546
-1.08914
-5.99998
5.98318
-3.53108
1.09526
-0.197048
-5.53915
-1.62314
0.626354
0.276247
0.855617
0.253333
0.287811
-1.13963
-2.25434
2.61711
-1.29952
0.762017
-0.990711
0.570528
-0.713473
1.33866
-0.364504
0.610187
0.140809
-0.575622
-0.284724
-2.24841
3.59357
-2.78104
2.38904
-0.18081
0.191113
-0.428549
0.663112
0.0993059
2.25268
-0.718191
0
-1.29776
-0.784818
2.618
-1.29972
0.812243
-1.04339
0.660568
-0.936398
1.88263
0.348086
2.85481
-1.94305
-0.62798
-0.363419
3.07568
-2.64827
-0.00055754
-0.3894
2.63634
-3.06154
-2.9092
0.807391
0.0329986
2.71026
-1.16072
0.252989
-0.302881
-0.253825
1.93892
-1.3
0.555706
-0.460823
-0.901085
-2.391
-0.0403652
-0.38617
-2.56555
4.09424
1.23123
4.28241
0.631799
1.34898
0.0883002
-0.732339
1.08559
-4.24313
-0.0694754
0.786719
-0.0691698
1.42215
0.389921
0.00929744
-0.689532
0.483035
2.61341
-1.25545
0.189537
-1.28642e-05
-3.02265
-2.38897
-0.937588
0.292131
-1.5259
2.53755
-0.487383
-0.773303
1.48177
-0.00616924
1.38014
-5.11877
-0.0401663
1.14558
3.07735
0.753714
0.0831759
0.653456
0.730758
0.567679
-0.928186
-0.323362
2.618
-1.11312
-2.36985
-0.190147
-2.44887
-1.19842
-1.10214
-1.12485
-1.4527
0.640794
1.12027
-0.351573
-2.05204
0.576822
0.284665
0.859703
-0.464058
3.79869
5.87898
0.572789
0.272197
-0.098756
0.732362
1.01832
-1.10527
-1.34198
2.60181
-1.15597
-1.72544
-0.422176
-0.57079
-0.565135
-0.471294
0.29995
1.15092
0.00320739
-0.272145
-0.355229
1.10478
-3.2066
-0.319486
2.09645
0.5708
2.84672
1.25848
0.205267
0.44443
-1.09996
0.733
1.78001
-1.29576
-0.342288
1.03591
0.405289
0.231723
-0.123695
0.858703
-0.0117392
1.14833
1.91242
-3.4112
-0.00240997
2.47597
-0.420921
2.02459
-3.12104
3.12311
3.98111
1.0983
2.98153
0.103288
-9.78648
-2.34322
10.0951
70.2227
25.5379
30.3336
-6.58812
-11.0207
20.5397
11.1142
38.8733
57.5764
98.9188
82.2251
-99.0926
86.8173
21.0524
4.94731
26.8487
6.3856
27.1893
48.5439
75.2082
37.7783
99.9674
46.6232
10.2842
7.73818
-13.2075
-5.83222
50.5222
68.8975
100
26.1278
100
-99.5601
-41.536
-22.5867
19.7784
-2.2286
97.8965
93.8696
98.787
-9.73892
99.851
-15.8742
26.4456
12.2013
4.46609
11.0306
-43.9966
28.4948
98.3128
81.6
90.4509
97.3121
1.23456
3.44201
9.13303
4.07995
-88.4228
-56.6078
98.5331
63.8468
-78.3171
69.0359
-7.56402
3.40492
-47.2508
-25.6225
-16.1706
-10.8586
-0.545544
48.0683
31.4665
1.31693
-39.057
-23.3224
13.7453
10.8075
1407.87
79.5443
-1407.82
3.27239
6376.39
290.608
-6456.93
3.78612
0
0
0
0
1575.15
99.8146
-1517.71
64.2977
-219.4
627.874
217.468
1.11869
0
0
0
0
1181.96
118.95
-1164.54
0.251063
985.103
205.871
-995.029
0.615046
0
0
0
0
488.029
64.9461
-484.526
62.6302
-4175.93
593.013
3965.46
8.69904
0
0
0
0
491.096
29.7897
-486.889
0.0311689
669.251
198.534
-738.753
196.357
0
0
0
0
535.867
239.079
-535.261
3.46738
469.206
0.268145
-469.206
27.0319
0
0
0
0
652.49
442.708
-474.41
68.5651
494.528
552.657
-494.52
3.20812
0
0
0
0
96.0652
13.2479
-95.9803
34.4308
959.935
56.7245
-908.368
101.028
0
0
-41.4268
129.947
