0.292204
0.3508
0.624062
0.23732
0.181105
0.378696
-0.797121
-1.12999
0.720186
0.172481
-0.4325
-0.8971
0.4767
-0.490301
0.630627
-0.423651
3.54788
-2.2572
-0.201546
-1.08914
-5.99998
5.98318
-3.53108
1.09526
-0.197048
-5.53915
-1.62314
0.379044
0.603887
0.372543
0.104439
0.370283
-0.847264
-1.35997
0.958571
0.0288603
-0.365069
-0.905326
0.260977
-0.536336
0.678793
-0.491931
3.17672
-1.73723
-0.204527
-1.31472
-5.47922
5.67269
-3.36072
1.6154
-0.709334
-5.16742
-1.10278
0.410449
0.578543
0.498425
0.0467111
0.360254
-0.90539
-1.57013
1.18312
-0.111412
-0.275888
-0.934933
0.0452537
-0.560806
0.758383
-0.607697
2.74939
-1.21873
-0.267415
-1.52025
-5.00351
5.33527
-3.31654
2.1365
-1.22694
-5.21172
-0.586151
0.442877
0.548629
0.610668
0.00903838
0.349036
-0.968747
-1.75817
1.39469
-0.247191
-0.181271
-0.983465
-0.170533
-0.563748
0.786087
-0.718493
2.49015
-0.735111
-0.554806
-1.46893
-4.50444
4.89361
-3.19268
2.26647
-1.7472
-5.16892
-0.0703802
0.475759
0.514625
0.711131
-0.00509452
0.323976
-1.03001
-1.9271
1.59695
-0.380973
-0.0866548
-1.05639
-0.365276
-0.545642
0.798414
-0.836982
2.29869
-0.224029
-0.944533
-1.38948
-4.04422
4.83924
-3.25504
1.98705
-2.26176
-4.66462
0.433864
0.508859
0.475556
0.803749
0.00264581
0.282559
-1.08895
-2.08437
1.79748
-0.516856
-0.00368953
-1.1508
-0.538313
-0.508561
0.800464
-0.935777
2.14529
0.282809
-1.41299
-1.45517
-3.64598
4.79078
-3.29449
1.88988
-2.69241
-4.14459
0.95236
0.541095
0.431341
0.891032
0.0333317
0.216164
-1.14053
-2.23346
1.99744
-0.65501
0.0752099
-1.26317
-0.689773
-0.44713
0.805847
-1.08121
2.03416
0.798801
-1.68418
-1.23616
-3.24561
4.76795
-3.48175
1.89413
-2.74021
-3.62767
1.47182
0.574259
0.382969
0.96419
0.082026
0.145843
-1.19206
-2.3562
2.19754
-0.805534
0.154272
-1.36362
-0.820906
-0.369939
0.850078
-1.18004
1.70716
1.25064
-1.54725
-0.718773
-2.78015
4.79419
-3.71241
1.63609
-2.38188
-3.14071
1.84932
10.899
4.67037
-0.490912
60.0514
2.01154
26.5497
0.172084
-8.11251
22.628
11.899
19.8053
9.02242
-0.00342985
59.4681
-14.1111
30.723
2.15523
-7.31638
19.6393
9.83325
-8.08448
-4.1785
-0.379886
99.7503
9.84238
29.7448
-2.18725
-10.2553
-6.70223
-5.56245
26.5603
8.86945
2.38998
58.1031
-46.439
32.0895
-11.9543
-15.0651
31.5006
16.3255
0.209765
-2.06572
-0.118992
86.3326
-11.3119
34.0134
-20.7416
-20.2037
22.4072
11.4792
37.9327
12.0851
0.372437
48.6895
-82.9945
36.6516
5.67502
-4.48788
32.8605
17.72
6.02886
2.89533
4.48133
39.0532
-26.7433
17.1812
-1.80714
-4.06627
21.5865
12.6582
-24.1528
-11.2912
9.68034
69.6398
-12.0903
28.737
1.91298
-7.0864
-46.3972
-12.4638
-0.0731489
0
0.0640397
0
-70.6483
362.837
-70.5287
40.526
0
0
0
0
-1.8269
2.09155
1.35079
0
-72.5672
385.855
-73.4725
31.4011
0
0
0
0
-3.50316
11.8143
-0.625391
-8.52576e-14
0.85169
311.721
-0.851807
66.4965
0
0
0
0
-2.52525
16.2266
-3.1487
0.0557446
-79.2724
401.873
-79.3603
40.0183
0
0
0
0
-1.149
11.8195
-2.94622
4.61063e-15
-8.09877
324.074
-7.32193
42.5202
0
0
0
0
0.680508
3.09347
-1.75742
2.50056e-13
-78.7043
456.407
-84.7469
54.7235
0
0
0
0
-0.878438
29.2572
-0.607839
-1.96446e-15
0.102866
181.728
-0.102866
43.1034
0
0
0
0
-20.5739
98.5816
-14.3314
0.639075
47.7697
227.558
47.8401
90.5373
0
0
-119.222
335.947
