0.329507
0.2867
0.663014
0.181314
0.117591
0.382494
-0.6814
-0.926578
0.673731
0.0715327
-0.564501
-0.968901
0.587899
-0.3992
0.479294
-0.143741
2.12398
-0.555533
-1.59954
0.0310954
-3
2.99999
-2.12398
1.84011
2.99997
-3
-3
0.30917
0.655366
0.277522
0.0960879
0.306043
-0.679684
-1.06007
0.807132
-0.0245715
-0.477882
-0.827685
0.463121
-0.52453
0.474525
-0.181592
2.04519
-0.442383
-1.63867
0.0363026
-2.73971
2.73802
-1.90961
1.69443
2.85515
-2.64911
-2.66091
0.33098
0.646057
0.373599
0.0754371
0.228259
-0.677916
-1.18756
0.927824
-0.113868
-0.398103
-0.693269
0.354709
-0.63333
0.455955
-0.203391
2.04604
-0.430023
-1.67818
0.0373581
-2.70031
2.50197
-1.89539
1.4205
2.52491
-2.30252
-2.3108
0.352848
0.634576
0.47118
0.0553576
0.149073
-0.675739
-1.31431
1.04512
-0.201999
-0.331188
-0.57438
0.26008
-0.728365
0.405093
-0.294427
2.11611
-0.413423
-1.46121
0.0488276
-2.82113
2.49303
-1.8711
1.40232
2.46038
-1.95035
-1.96033
0.37458
0.620637
0.573714
0.0269921
0.0802159
-0.68092
-1.44525
1.16165
-0.290061
-0.26516
-0.458567
0.184732
-0.804156
0.318233
-0.350918
2.25954
-0.654077
-1.11749
-0.278768
-2.77861
2.53973
-1.75816
1.35762
2.41515
-1.59949
-1.60894
0.394671
0.605618
0.67928
-0.0147508
0.0297813
-0.69431
-1.57601
1.26912
-0.372392
-0.201276
-0.344924
0.125791
-0.863701
0.279639
-0.315397
2.3093
-0.974252
-0.771056
-0.565989
-2.44987
2.2436
-1.60306
1.19207
2.0894
-1.25068
-1.26351
0.411632
0.590888
0.775051
-0.0604519
9.1352e-16
-0.720849
-1.69228
1.3611
-0.446373
-0.145213
-0.246601
0.0831107
-0.906743
0.355883
-0.266865
2.04863
-0.966229
-0.419752
-0.562364
-2.47032
1.95364
-1.56567
1.01671
1.75654
-0.904939
-0.912613
0.428498
0.572523
0.863881
-0.105834
0
-0.746779
-1.80863
1.46483
-0.520078
-0.0974287
-0.164271
0.0557978
-0.934856
0.442233
-0.388086
1.71936
-0.662339
-0.0692821
-0.214857
-2.50332
2.20355
-1.5621
0.670377
1.40754
-0.554107
-0.562939
2.90296
0.79471
7.27487
38.5083
-9.76872
17.1789
-0.697969
-5.59928
23.4035
11.6764
-28.4325
-16.0593
3.22834
94.3415
3.37428
17.0844
-16.0388
-15.5881
22.2785
9.72281
30.4558
17.2984
16.9754
21.143
-29.262
26.2816
-8.43441
-9.89833
25.3976
12.7509
28.2087
14.3931
2.55819
20.0331
-33.7099
30.3375
15.2056
5.50155
22.1015
11.1499
26.5948
11.3031
2.60642
43.5547
-44.1853
43.5042
-0.417368
-5.39318
29.3383
14.7423
-0.7039
-0.372456
0.187454
98.7931
-33.2094
36.0328
0.509485
-5.56007
20.8227
7.91914
20.7918
9.84675
3.41452
100
-48.2202
34.4085
-9.51998
-11.4698
19.0426
5.54425
10.1119
5.52287
0.997354
51.725
-9.3223
27.3115
-15.0658
-12.2247
13.8392
6.07975
-144.988
62.6205
122.51
2.54351
-178.078
286.768
50.7306
77.0825
0
0
0
0
-143.212
63.9374
143.197
24.2113
-142.99
308.896
125.693
183.741
0
0
0
0
-56.3119
96.986
86.2584
-1.73706e-13
-30.7511
342.725
-101.14
34.1054
0
0
0
0
99.8161
1.79499
-74.0851
-7.03038e-14
-0.193974
368.008
-126.102
26.079
0
0
0
0
-82.2431
14.6128
87.879
1.69053e-13
-59.5963
478.938
-113.935
16.8669
0
0
0
0
-165.175
11.7009
169.27
-2.78123e-22
57.2889
427.731
-57.2889
161.033
0
0
0
0
5.61488
16.2729
0.0806356
-1.15101e-14
45.3865
435.469
15.5232
228.012
0
0
0
0
0
0
0
0
30.2721
230.025
-30.2721
27.1902
0
0
0
0
