0.263799
-0.0464
0.746369
-0.169224
0.0257757
0.185874
-0.0424254
-1.0044
0.1504
0.2794
-0.665401
-0.6273
0.6999
-0.2915
1.43372
0.0481713
0.695628
1.1181
0.804971
-2.61869
-0.832734
2.26485
-1.272
1.17022
-1.84471
-0.871287
-1.09176
0.00356621
0.746418
-0.13447
0.0596217
0.203175
-0.128327
-1.02173
0.222321
0.245416
-0.635228
-0.682634
0.6735
-0.320959
1.32447
-0.0185199
0.922233
0.764461
0.458783
-2.26909
-0.459745
1.90316
-0.8984
0.793812
-1.46829
-0.700548
-0.781666
0.0503948
0.743152
-0.0913628
0.084545
0.212365
-0.205547
-1.02485
0.284772
0.225662
-0.618247
-0.723793
0.65364
-0.339386
1.23343
-0.0902927
1.14391
0.54556
0.240902
-2.00368
-0.0864543
1.65198
-0.524168
0.448478
-1.0923
-0.496138
-0.488901
0.0946187
0.737186
-0.0399998
0.102078
0.212684
-0.274762
-1.01404
0.34502
0.213104
-0.607861
-0.750784
0.644125
-0.351667
1.16313
-0.173223
1.36294
0.37779
0.0053398
-1.78763
0.286726
1.37902
-0.328484
0.275143
-0.71622
-0.246352
-0.325019
0.137861
0.728602
0.0187808
0.115759
0.204173
-0.338713
-0.989224
0.383308
0.200699
-0.599914
-0.763718
0.640375
-0.362245
1.11814
-0.252489
1.5619
0.30247
-0.271285
-1.61599
0.658487
1.01386
-0.338879
0.210859
-0.343204
-0.0744813
-0.279828
0.180525
0.717168
0.0822146
0.126766
0.191886
-0.400867
-0.950167
0.415947
0.190458
-0.595146
-0.767106
0.63832
-0.37247
1.07274
-0.365757
1.79365
0.271122
-0.359906
-1.6512
1.03041
0.662099
-0.240304
-0.000954078
-0.0898631
-0.0540373
-0.187315
0.220951
0.703381
0.154154
0.127396
0.178759
-0.460308
-0.897324
0.431294
0.180359
-0.595755
-0.770537
0.637719
-0.371922
1.06069
-0.445664
2.02529
0.0139318
-0.315018
-1.54574
1.40219
0.391744
-0.295027
-0.104848
-0.0937059
0.0494266
0.0562512
0.261168
0.686671
0.229698
0.127571
0.161823
-0.519093
-0.839858
0.439702
0.170458
-0.596312
-0.772327
0.639588
-0.368044
1.15296
-0.396095
1.99371
-0.25282
-0.485928
-1.57881
1.52488
0.124248
-0.231172
-0.0074077
-0.0470772
0.0735131
0.129129
-50.0546
-24.1338
32.9047
19.3423
9.58867
2.63796
-7.12954
0.14598
33.1333
18.2529
-10.8257
1.87854
40.7188
-0.0739675
1.41012
1.07595
-13.9998
-4.5904
18.3376
9.26726
-59.0284
-28.2051
35.8141
25.2827
14.001
3.48314
-3.97435
1.77107
32.388
18.0574
-16.7873
-0.916527
39.1634
-1.70338
0.592567
0.291458
-0.699618
2.71975
13.9835
6.07107
-48.1687
-19.985
41.5452
16.332
9.27305
1.82407
2.86272
5.32005
20.0933
10.069
-19.704
-0.684695
34.0716
11.2129
7.00761
1.70905
-9.31827
-3.88627
4.66454
2.10855
-55.842
-19.0741
47.2485
16.4321
11.4593
1.8244
-1.32278
0.551618
31.8223
17.8587
-54.4428
-23.8088
18.4522
99.2483
46.5557
5.6035
-15.1823
-8.36786
-12.9499
-13.1361
-25.6044
417.796
-133.13
35.7302
0
0
0
0
0
0
0
0
-23.5862
403.671
-15.6006
39.5193
0
1.42018e-16
0
0
0
0
0
0
-60.775
398.556
-83.6678
14.1383
0
5.76003e-15
-7.45658e-21
-1.91472e-13
0
0
0
0
38.9321
354.913
-38.9321
32.7292
0
4.35333e-23
0
0
0
0
0
0
-66.6268
399.746
-24.1092
11.9609
0
-1.21285e-17
0
0
0
0
0
0
-25.5808
282.531
25.5808
4.19593
0
0
0
0
0
0
0
0
7.28896
431.463
-7.28896
75.5046
0
0
0
0
0
0
0
0
68.4396
221.922
65.6275
161.127
224.328
136.267
-108.801
193.809
0
0
0
0
