0.442878
0.264
0.676386
0.217516
0.0540061
0.354898
-0.62642
-0.90259
0.643188
0.0418863
-0.5683
-0.9534
0.7447
-0.527301
0.603901
-0.100007
2.35748
0.0599795
-2.99851
0.581058
-2.99983
3
-2.35765
1.45479
2.99606
-2.99633
-3
0.297289
0.666761
0.363869
0.034272
0.20742
-0.605839
-1.08979
0.81776
-0.0921192
-0.478787
-0.763845
0.594412
-0.678282
0.539135
-0.201896
2.31348
-0.406152
-2.36717
0.170416
-2.90182
2.5916
-1.84861
0.84965
2.46492
-2.36892
-2.37922
0.323731
0.654646
0.515049
-0.0183205
0.0996684
-0.596654
-1.27353
0.956821
-0.19858
-0.442388
-0.617897
0.483077
-0.792495
0.414639
-0.189169
2.47578
-1.00111
-1.73662
-0.280987
-2.9001
2.17579
-1.51325
0.235161
1.86033
-1.74608
-1.79001
0.345147
0.641781
0.671948
-0.109323
0.046515
-0.614341
-1.45711
1.07104
-0.286048
-0.465257
-0.491654
0.406775
-0.891584
0.341294
-0.165135
2.64139
-1.62269
-1.10581
-0.28052
-2.78983
1.75916
-1.363
-0.395482
1.27584
-1.18887
-1.5463
0.366083
0.627589
0.826578
-0.210965
0.0165591
-0.632028
-1.63374
1.17799
-0.372997
-0.52776
-0.445298
0.364215
-0.972144
0.430144
-0.232153
2.34836
-1.62151
-0.474633
-0.278199
-2.67288
1.48065
-1.34742
-1.02409
0.66233
-0.653278
-1.24882
0.387887
0.611162
0.972116
-0.312648
0.0129047
-0.672561
-1.80107
1.28834
-0.458649
-0.629293
-0.431017
0.329811
-1.01905
0.509921
-0.306188
2.12654
-1.38795
-0.0452988
-0.855356
-2.68538
1.55234
-1.32775
-1.64396
0.153304
-0.168774
-0.713437
0.414084
0.589321
1.12224
-0.404484
0.00249731
-0.724765
-1.97089
1.41558
-0.566933
-0.767233
-0.445006
0.330396
-1.05098
0.521925
-0.261394
2.36876
-1.44833
-0.0146111
-0.838049
-2.67376
2.01541
-1.72448
-2.22278
-0.291621
0.0310873
-0.482618
0.442098
0.564007
1.2781
-0.502498
0.00179836
-0.776837
-2.14042
1.54595
-0.683625
-0.90545
-0.466429
0.331159
-1.07838
0.447586
0.00983439
2.86511
-1.7265
0.226914
-0.219365
-2.12252
2.18264
-1.95321
-2.22271
-0.385871
-0.0763318
-0.677526
5.18303
4.29181
0.468809
42.8218
-0.971255
26.2028
-14.7386
-15.0761
27.7292
15.0502
2.57206
3.02923
1.95391
75.8547
2.48891
49.5109
-18.793
-17.1538
30.6978
15.1349
22.0778
9.32053
0.779568
42.2067
-32.0447
41.8981
-8.90744
-9.76841
35.1404
18.3401
0.623373
1.93976
2.01961
89.8836
-0.766148
48.4155
-16.1156
-13.9949
18.0112
6.07349
15.0013
7.90561
2.47016
91.4008
-2.39145
49.8418
-23.5723
-18.4216
22.2915
9.56457
12.6828
4.86514
2.09304
83.9265
-15.5982
54.2768
-11.1735
-9.72976
24.2196
10.4843
29.902
11.4201
3.82063
65.7218
-40.6867
49.8495
-4.35382
-6.00343
17.8981
5.8394
46.9876
19.0289
3.69715
-19.3501
-85.5328
21.9341
-57.8353
-18.7652
19.6354
4.09242
-1.54873
7.65121
3.42435
0.051771
-64.4329
319.565
-58.2935
35.8331
0
0
0
0
4.1056
18.3016
1.72835
-1.79485e-23
-35.648
495.587
-37.2473
29.7833
0
0
0
0
-1.14422
5.43099
2.12007
0.000122175
-88.0025
468.152
-78.4341
24.4347
0
0
0
0
-0.902787
13.8643
4.0389
0.00102041
0.166484
442.607
-0.166484
45.18
0
0
0
0
-2.3311
16.5219
5.12578
0.000200209
2.96622
421.759
6.71951
31.9828
0
0
0
0
-2.04272
20.03
5.85372
0.180145
-8.76961
469.818
8.76961
34.0327
0
0
0
0
-1.15207
18.3643
4.70924
0.222959
-39.9674
467.145
-31.5452
40.6772
0
0
0
0
1.5465
12.1757
2.03051
1.07446
-72.7483
342.049
-76.4682
84.2839
-118.476
367.314
0
0
