0.482163
0.264
0.676386
0.217516
0.0540061
0.354898
-0.62642
-0.90259
0.643188
0.0418863
-0.5683
-0.9534
0.7447
-0.527301
0.603901
-0.100007
2.35748
0.0599795
-2.99851
0.581058
-2.99983
3
-2.35765
1.45479
2.99606
-2.99633
-3
0.300697
0.665047
0.363815
0.041558
0.204492
-0.608935
-1.09549
0.838445
-0.10725
-0.467844
-0.747222
0.583785
-0.690019
0.545357
-0.167555
2.21069
-0.182108
-2.31182
-0.0217831
-2.62643
2.84832
-2.17151
0.773783
2.35887
-2.33395
-2.35963
0.337353
0.646296
0.495479
0.0281465
0.0948153
-0.617532
-1.27263
1.03242
-0.255833
-0.42145
-0.597519
0.455444
-0.816721
0.590612
-0.263862
1.73834
-0.218888
-1.63002
-0.238645
-2.28745
2.79808
-2.14927
0.0948426
1.73268
-1.69139
-1.83496
0.373546
0.622129
0.613689
0.0090878
0.0307112
-0.653137
-1.42911
1.2168
-0.402219
-0.458116
-0.496794
0.375255
-0.942284
0.542142
-0.344442
1.70853
-0.618091
-0.948122
-0.602992
-2.17527
2.42381
-2.08616
-0.570893
1.0932
-1.15865
-1.852
0.407735
0.59506
0.736023
-0.0376264
0.0137611
-0.711962
-1.57916
1.38338
-0.540422
-0.543129
-0.438362
0.331335
-1.0629
0.503793
-0.392648
1.78219
-0.877014
-0.263285
-1.03456
-2.19582
2.35135
-1.92517
-1.25263
0.589983
-0.628604
-1.74646
0.442215
0.563451
0.860209
-0.0890263
0.0122501
-0.783881
-1.72218
1.54715
-0.685683
-0.672828
-0.40477
0.300223
-1.13804
0.535007
-0.500159
1.71746
-0.680917
-0.0202817
-1.25812
-2.06996
2.50791
-2.24358
-1.89695
0.455221
-0.0904374
-1.08409
0.478606
0.524707
0.994418
-0.141193
0.0118107
-0.865439
-1.86495
1.71885
-0.849023
-0.819611
-0.374575
0.321462
-1.19883
0.498688
-0.578843
2.12329
-0.756079
0.0239252
-1.18655
-2.06326
2.29211
-2.43683
-2.1374
0.422464
0.333383
-0.878402
0.51163
0.483639
1.14265
-0.209687
0.0138919
-0.946863
-2.00727
1.87697
-1.01337
-0.968145
-0.346313
0.347034
-1.24939
0.513719
-0.218311
2.20902
-1.22588
0.406113
-0.568257
-1.74564
2.29939
-1.9313
-2.16142
0.394467
0.376664
-0.731135
5.22897
3.8207
1.40176
49.3723
-5.15826
29.3714
-15.2397
-15.7243
30.9175
16.1161
4.0217
3.40677
1.58762
86.8886
9.15788
52.4065
-23.6671
-20.2525
25.7708
11.8988
-7.12726
-1.77365
0.890947
97.0648
8.36473
50.1275
-24.008
-18.7959
19.2834
7.17761
18.1465
7.49053
1.77727
47.3703
-35.5649
41.4162
-10.877
-9.47669
18.9006
5.68185
12.1015
5.59032
1.27874
79.624
-22.704
53.2962
-18.3191
-13.7142
22.5578
9.62397
21.6429
7.33747
2.15438
43.3478
-43.4174
44.5344
-6.71378
-4.73525
24.5343
12.072
29.2662
11.6479
2.675
13.3425
-62.1291
37.7274
13.8845
6.73977
18.2998
6.88842
-6.37038
-1.26171
13.0391
11.7586
-87.2965
38.7809
-9.76733
20.8758
24.4183
1.34272
196.727
17.9979
-198.838
0.304389
-159.435
384.966
11.2072
52.0851
0
0
0
0
263.03
16.845
-263.837
0.179108
-67.54
498.04
-6.69323
22.2606
0
0
0
0
78.0917
15.1419
-80.1357
0.212521
-260.235
436.275
252.103
22.0016
0
0
0
0
171.408
14.7828
-173.131
0.16045
-479.083
421.133
406.303
40.3009
0
0
0
0
-547.433
10.7756
545.707
0.100543
-503.196
452.467
500.991
33.5462
0
0
0
0
-798.086
14.2837
797.508
0.231334
-336.149
398.782
312.001
18.2409
0
0
0
0
42.9356
10.6246
-42.9317
0.0371557
-385.188
363.684
315.779
20.9033
0
0
0
0
2.82798
95.6004
32.9597
13.3478
557.45
406.256
-557.97
126.259
-40.2504
559.028
0
0
