0.481355
0.264
0.676386
0.217516
0.0540061
0.354898
-0.62642
-0.90259
0.643188
0.0418863
-0.5683
-0.9534
0.7447
-0.527301
0.603901
-0.100007
2.35748
0.0599795
-2.99851
0.581058
-2.99983
3
-2.35765
1.45479
2.99606
-2.99633
-3
0.297177
0.667288
0.379663
0.0236691
0.195946
-0.599278
-1.10313
0.813063
-0.0895915
-0.484526
-0.773418
0.57642
-0.703533
0.45074
-0.143278
2.4963
-0.517331
-2.31152
0.301859
-2.88879
2.42137
-1.85696
0.772205
2.31143
-2.4415
-2.5627
0.327131
0.652805
0.539255
-0.0287466
0.083965
-0.594474
-1.30151
0.974035
-0.211779
-0.4668
-0.661265
0.441445
-0.878449
0.428306
-0.218478
2.30206
-0.768526
-1.62843
-0.0011976
-2.78368
2.33312
-1.67339
0.0888455
1.63016
-1.95619
-2.62956
0.35732
0.633677
0.684804
-0.0868018
0.018998
-0.617
-1.4834
1.13374
-0.335147
-0.506473
-0.596
0.311319
-1.04881
0.457774
-0.279332
2.05282
-0.994507
-0.94475
-0.601615
-2.58235
2.3203
-1.82487
-0.576991
0.949083
-1.97514
-2.478
0.388811
0.610384
0.823413
-0.155642
3.36708e-06
-0.667774
-1.65233
1.2919
-0.462988
-0.592956
-0.577729
0.175473
-1.17291
0.53195
-0.339937
1.98749
-1.23288
-0.276203
-1.12525
-2.44042
2.26119
-2.18432
-1.25818
0.265672
-2.40319
-1.80461
0.425467
0.579184
0.960003
-0.22539
0.0144654
-0.749078
-1.81395
1.46788
-0.613936
-0.725894
-0.600076
0.0161579
-1.25382
0.636862
-0.627024
1.97159
-1.01343
0.210967
-1.54116
-2.47671
2.61963
-2.54533
-1.94012
-0.381373
-2.66766
-1.13702
0.468251
0.536066
1.10132
-0.279545
0.0271225
-0.848896
-1.97058
1.66977
-0.800504
-0.890138
-0.625794
-0.148287
-1.28595
0.622066
-0.7909
2.33514
-0.588969
0.183237
-1.33491
-2.26953
2.93602
-2.75217
-2.41532
-0.346427
-2.39251
-0.467093
0.510317
0.484594
1.26057
-0.323209
0.000592674
-0.937949
-2.12614
1.87167
-1.0061
-1.05408
-0.643164
-0.271274
-1.30921
0.34937
-0.210036
2.31545
-0.635433
-0.398712
-0.984968
-1.67853
2.97533
-2.99878
-2.24373
0.243943
-1.96604
0.00334004
10.9892
5.93899
0.85663
45.4921
-5.49874
40.1335
-13.521
-14.8703
32.1531
16.4949
4.66925
3.16567
0.686086
73.438
3.07851
50.1904
-17.122
-16.2224
23.8132
10.7099
5.85816
2.98003
-0.697952
91.1779
12.16
52.9199
-21.8312
-18.2109
8.93443
-0.622618
0.510008
-0.00774924
-0.266862
99.7306
-9.18855
42.6266
-18.8222
-15.5492
8.84865
1.43933
-17.8755
-2.00661
16.0775
93.3228
21.6757
40.529
-20.5837
-15.0819
5.13697
0.696753
14.032
8.99008
7.41503
24.8483
-3.28002
18.2342
-18.2599
-12.7402
7.42166
4.64692
59.8948
22.2588
2.46841
-5.593
-92.9794
48.9765
17.9322
10.2025
34.6375
18.6658
-3.02983
-5.18361
11.1036
-50.7475
-99.9237
41.9494
-60
44.5012
31.8228
-1.57798
41.3576
11.6795
-45.4454
-2.65876e-14
-84.5101
458.781
-80.7051
13.2622
0
0
0
0
12.9105
8.61178
-15.9123
1.49742e-16
-45.1633
483.871
-57.179
0.480153
0
0
0
0
-27.5612
1.06939
27.2151
0.0944534
-4.41376
455.616
-23.6719
5.44129
0
0
0
0
43.9606
9.19892
-47.0683
0.184614
-3.72002
422.247
3.72002
94.5021
0
0
0
0
-41.1188
128.712
41.1188
0.0136025
51.4022
275.965
32.7883
13.6086
0
0
0
0
1.09831
41.2501
13.3392
1.02296e-13
-9.60277
143.883
9.60277
0.000216649
0
0
0
0
-20.9254
0.178165
20.9917
0.030431
-126.486
515.965
-54.1013
-4.42277e-17
-1.91005e-16
0
0
0
18.8117
93.859
14.6875
1.85304
-89.2507
475.791
-77.4307
0.441858
-321.442
918.407
0
0
