0.527877
0.264
0.676386
0.217516
0.0540061
0.354898
-0.62642
-0.90259
0.643188
0.0418866
-0.5683
-0.9534
0.7447
-0.527301
0.603901
-0.100007
2.35748
0.0599795
-2.99851
0.581058
-2.99983
3
-2.35765
1.45479
2.99606
-2.99633
-3
0.30735
0.66239
0.381859
0.050099
0.173524
-0.605482
-1.11891
0.869421
-0.135906
-0.465243
-0.727465
0.553988
-0.706769
0.560615
-0.193629
2.09627
-0.178324
-2.24921
-0.133116
-2.86377
2.99998
-2.61698
0.74961
2.99604
-2.52758
-2.37837
0.349612
0.638699
0.509849
0.0534048
0.0601959
-0.62345
-1.30076
1.09534
-0.304428
-0.434936
-0.531085
0.426889
-0.835095
0.628341
-0.319215
1.45417
0.164579
-1.50001
-0.519342
-2.38515
2.76348
-2.19788
0.0284109
2.30373
-1.79753
-1.69572
0.390514
0.609163
0.617007
0.0526504
0.00267747
-0.672335
-1.44763
1.3005
-0.46988
-0.464518
-0.385822
0.347221
-0.932876
0.542253
-0.39602
1.41612
0.0282655
-0.758042
-0.907329
-1.85719
2.59209
-2.13931
-0.701157
1.57096
-1.05192
-1.0999
0.427065
0.577952
0.725326
0.0195995
3.74288e-05
-0.744963
-1.58052
1.47554
-0.620341
-0.572908
-0.317404
0.320658
-0.971323
0.478785
-0.43402
1.5112
-0.441562
-0.0260175
-1.00629
-1.50016
2.26025
-1.7832
-1.44253
0.90226
-0.344346
-0.496319
0.464492
0.540609
0.838961
-0.0127603
0.000169608
-0.826371
-1.70802
1.65162
-0.782563
-0.733022
-0.296515
0.345574
-0.973389
0.499676
-0.581175
1.4988
-0.416085
0.110528
-1.11244
-1.74528
2.65659
-2.32263
-2.12957
0.272353
0.310453
-0.000853164
0.502214
0.495918
0.974709
-0.0627691
0.00864096
-0.920581
-1.84391
1.83168
-0.962383
-0.920754
-0.305336
0.387734
-0.975323
0.491386
-0.804091
1.88898
-0.663192
0.216338
-1.56052
-1.85322
2.36037
-2.55463
-2.49107
-0.12222
0.597236
-0.213903
0.539293
0.442407
1.1231
-0.120711
0.0280675
-1.03045
-1.97193
2.01768
-1.16885
-1.10841
-0.310925
0.415372
-0.993696
0.506864
-0.3192
1.9682
-1.28316
0.409157
-1.02984
-1.40616
2.46678
-2.77039
-2.07619
0.235834
0.312736
-0.574649
12.4393
7.01142
1.42763
47.1033
-7.84879
40.8557
-0.583111
-4.62897
23.9589
11.3947
-2.53914
0.413096
-0.776857
91.3736
20.0716
50.7394
-25.1712
-21.1112
20.1638
8.83224
20.7128
9.61742
1.25668
86.6783
-16.5566
62.9165
-23.8128
-19.1876
25.7972
10.3748
20.4103
8.02431
0.0856797
32.4158
-45.1241
37.9636
-10.7987
-8.90399
30.3476
15.3724
13.6794
6.23285
1.12848
90.8208
-32.4336
69.4736
-20.2542
-15.2058
25.7007
10.679
15.6921
5.11235
2.95466
28.391
-30.788
35.6502
-14.0079
-9.44922
21.614
10.4624
5.64061
3.07647
4.42939
37.0209
-34.7014
34.6973
5.59302
2.3016
5.12859
-1.87014
-60.4511
-14.0935
50.5087
17.7692
-30.0344
34.1229
-46.0986
4.8364
26.07
0.747951
-74.2425
14.193
77.4409
1.31585
-95.663
487.46
-82.1013
20.4272
0
0
0
0
29.0519
3.48662
-28.4604
0.0189058
-17.3267
439.109
-5.04609
7.10162
0
0
0
0
-1.03258
3.42643
1.86028
-2.33173e-13
2.50383
573.158
-83.3055
6.6093
0
0
0
0
1.53547
1.09139
-0.621762
-2.00004e-13
-44.4529
391.8
-63.4528
20.195
0
0
0
0
7.36874
4.55838
-5.87658
-6.19141e-13
-17.0629
566.359
17.0693
10.7232
0
0
0
0
1.97507
23.3862
6.12415
-2.27672e-14
-78.0994
293.347
86.7948
-4.37588e-11
0
0
0
0
2.16895
34.5462
-2.09448
0.0308992
-11.0995
281.611
11.1064
12.7376
0
0
0
0
35.6039
329.69
85.2772
15.6782
50.0935
271.021
-0.42807
44.6829
-225.866
727.499
0
0
