0.428894
0.264
0.676386
0.217516
0.0540061
0.354898
-0.62642
-0.90259
0.643188
0.0418863
-0.5683
-0.9534
0.7447
-0.527301
0.603901
-0.100007
2.35748
0.0599795
-2.99851
0.581058
-2.99983
3
-2.35765
1.45479
2.99606
-2.99633
-3
0.281705
0.669646
0.321805
-0.0116232
0.332981
-0.63137
-1.04846
0.775258
-0.0597709
-0.487044
-0.776184
0.584244
-0.690111
0.516254
-0.140188
2.40698
-0.496476
-2.40204
0.193922
-2.79304
2.51683
-1.91945
0.881368
2.52497
-2.61332
-2.65336
0.308388
0.660474
0.461522
-0.0598248
0.23759
-0.630003
-1.21606
0.906817
-0.167599
-0.443265
-0.627794
0.42452
-0.852802
0.448026
-0.145369
2.37691
-0.875772
-1.79528
-0.25504
-2.77462
2.22586
-1.67842
0.292486
1.99681
-2.34322
-2.76302
0.331647
0.649353
0.605724
-0.133657
0.178411
-0.647194
-1.38563
1.02425
-0.263164
-0.456361
-0.50865
0.27957
-1.01823
0.384795
-0.172046
2.41114
-1.14365
-1.18346
-0.566012
-2.72272
2.0078
-1.51793
-0.294151
1.49457
-2.51932
-2.72843
0.355169
0.635273
0.750333
-0.217839
0.14547
-0.68227
-1.5535
1.1394
-0.351788
-0.505468
-0.434392
0.126972
-1.16312
0.362781
-0.215994
2.44358
-1.49129
-0.577341
-0.517123
-2.68868
1.81682
-1.28007
-0.872015
1.03265
-2.46191
-2.31799
0.37173
0.622939
0.899244
-0.330267
0.135127
-0.705747
-1.72262
1.23011
-0.425712
-0.590309
-0.398304
-0.00989851
-1.28024
0.375517
-0.266161
2.49436
-1.60589
-0.187741
-0.63395
-2.63864
1.81707
-1.17783
-1.46312
0.549937
-1.94683
-1.85246
0.390674
0.608448
1.05322
-0.443874
0.126945
-0.742914
-1.89478
1.32851
-0.511148
-0.70033
-0.376509
-0.0981801
-1.36445
0.407187
-0.291414
2.69661
-1.70682
-0.116561
-0.597576
-2.59586
1.54978
-1.4633
-1.78441
0.441394
-1.41706
-1.36673
0.412779
0.597344
1.21572
-0.590185
0.129176
-0.777595
-2.0595
1.41566
-0.598101
-0.817707
-0.357452
-0.151574
-1.4229
0.559646
0.00412292
3.03035
-1.99081
0.126334
-0.0551111
-2.26622
1.23801
-1.3241
-1.99066
0.286711
-0.871441
-0.94818
-2.61216
0.154308
3.82856
50.3912
-4.06467
22.7068
-12.6578
-13.4852
24.5028
12.6274
-3.99359
-0.0696663
0.367068
80.6344
2.81808
37.9451
-17.3858
-16.0088
22.6701
8.99581
12.1535
6.046
0.869702
75.6243
-6.69041
40.9597
-15.9863
-14.3423
7.29602
-1.3751
12.4794
6.19377
0.473157
67.6402
-10.3212
39.4012
-12.2751
-10.8825
7.38139
1.17165
6.62514
3.75357
0.700704
76.2948
-11.5479
41.6374
-13.7328
-11.3905
22.5007
9.72572
19.0847
7.24279
0.934982
58.6514
-22.3008
36.4309
-11.6514
-9.75513
23.1003
11.0835
10.4682
3.33936
0.730326
48.4896
-37.2678
29.9405
12.9686
6.32266
25.6712
12.8655
-40.2172
-19.7719
12.706
36.619
-40.6913
16.9858
46.3875
44.4621
28.8815
7.95484
27.3366
40.6241
-32.8203
1.40281
-36.0952
322.299
-91.3166
74.5216
0
0
0
0
24.6251
14.1303
-27.7438
1.6052
29.3581
435.282
-92.6961
87.3183
0
0
0
0
10.4864
10.7639
-13.1886
0.780503
-9.52324
432.913
-79.8569
61.4747
0
0
0
0
0.855228
3.5279
-3.42455
0.313605
-32.6427
395.521
-8.95208
54.6446
0
0
0
0
-21.0312
6.88446
17.9267
0.207588
-7.54956
392.143
-29.9781
55.7254
0
0
0
0
7.955
9.09204
-11.9752
0.242834
-16.655
361.497
-7.26159
63.5431
0
0
0
0
6.59567
7.27486
-8.64822
6.3808e-14
-1.65474
330.157
-30.9123
85.3554
0
0
0
0
13.0038
145.466
-10.7795
70.5797
15.2417
246.126
-15.226
164.526
113.288
323.681
0
0
