0.394635
0.264
0.676386
0.217516
0.0540061
0.354898
-0.62642
-0.90259
0.643188
0.0418863
-0.5683
-0.9534
0.7447
-0.527301
0.603901
-0.100007
2.35748
0.0599795
-2.99851
0.581058
-2.99983
3
-2.35765
1.45479
2.99606
-2.99633
-3
0.294816
0.667578
0.345262
0.0416113
0.222021
-0.608895
-1.06839
0.805172
-0.0820406
-0.488127
-0.784493
0.607246
-0.668468
0.578071
-0.205855
2.25341
-0.25752
-2.43718
0.196142
-2.91006
2.86163
-2.17462
0.925837
2.59498
-2.43667
-2.50265
0.324599
0.653555
0.46735
0.0185769
0.125276
-0.611203
-1.2289
0.964849
-0.203356
-0.453208
-0.638066
0.500846
-0.78243
0.58495
-0.281204
2.04927
-0.535712
-1.87511
-0.294182
-2.73274
2.75403
-2.12992
0.383639
2.07076
-1.88438
-2.01876
0.354031
0.635661
0.58056
-0.00926705
0.0606271
-0.63192
-1.3766
1.11858
-0.322538
-0.457559
-0.516844
0.423332
-0.868304
0.641608
-0.331461
1.6812
-0.426196
-1.31277
-0.592493
-2.19279
2.4557
-1.97854
-0.175027
1.62295
-1.37083
-1.51922
0.381389
0.616153
0.674531
-0.0345763
0.0267778
-0.666819
-1.49743
1.25591
-0.432987
-0.493631
-0.442321
0.374614
-0.935169
0.654311
-0.324233
1.53517
-0.509578
-0.750891
-0.668501
-2.0562
2.03
-1.64681
-0.725856
1.25144
-0.858846
-1.18254
0.404838
0.597295
0.772511
-0.0813435
0.0168943
-0.708562
-1.6143
1.37045
-0.528664
-0.561319
-0.387664
0.331247
-0.995472
0.576546
-0.288279
1.87916
-0.965182
-0.287864
-0.963478
-2.4687
2.04809
-1.78738
-1.28056
0.875606
-0.3208
-1.11649
0.431517
0.573616
0.895557
-0.144338
0.00719723
-0.7606
-1.75332
1.4973
-0.639538
-0.65981
-0.35315
0.330888
-1.04943
0.550696
-0.189668
2.25181
-1.18811
-0.194685
-0.924845
-2.46386
2.26467
-2.01972
-1.83344
0.487149
0.0102361
-0.957985
0.461044
0.545678
1.02696
-0.209767
0
-0.811128
-1.89205
1.6296
-0.764504
-0.767663
-0.327603
0.331162
-1.09427
0.579824
0.104856
2.46251
-1.14858
-0.0430848
-0.413811
-1.96434
2.3736
-2.25363
-1.9755
0.34212
0.165345
-0.797967
13.3792
8.51081
3.34284
41.0993
-7.62851
24.2743
-14.4513
-14.6012
28.1644
14.6655
-5.38317
-0.20857
1.48313
73.4031
7.14134
37.1385
-19.5592
-17.3836
26.0191
12.7311
7.67303
5.04047
2.25172
77.5148
-7.32916
41.5701
-21.928
-17.9946
25.5289
11.7354
10.9857
7.05684
3.72965
92.6917
-14.1524
45.1436
-23.9688
-18.403
21.4132
8.08895
17.4709
9.0599
5.00496
65.9543
-39.2622
47.5921
-11.892
-9.84431
28.3862
11.6607
24.897
11.339
5.0393
29.1408
-50.1524
31.1815
-6.63721
-5.83313
26.4179
11.7674
24.7325
11.8616
10.3776
78.2201
-52.7469
53.0788
-10.2459
-8.79181
23.2634
8.54928
31.3976
14.8686
11.5021
42.5705
-66.576
39.2593
-56.639
-26.0855
26.0995
6.02652
75.3799
21.112
-67.6733
1.135
-65.8434
341.918
-57.4232
67.7406
0
0
0
0
-58.0255
19.9096
65.1722
0.234067
-15.7465
386.438
-29.8905
55.4607
0
0
0
0
-95.8863
19.071
102.576
0.0542528
-48.335
429.358
-15.7426
56.9448
0
0
0
0
-27.8945
23.0388
35.9647
0.0293038
11.1188
445.287
-20.481
88.9439
0
0
0
0
-3.86815
31.1188
12.0595
-4.69659e-12
0.333267
478.552
-39.7085
72.8841
0
0
0
0
2.63492
30.9204
8.31687
0.376543
-44.7695
361.342
-19.8001
76.1652
0
0
0
0
8.40331
60.9228
13.6722
2.15003
23.5438
503.102
-52.9272
88.8029
0
0
0
0
-46.6264
70.8777
79.9597
24.3603
-19.9355
408.726
7.64325
113.785
-98.5443
283.42
0
0
