1.88847
0.5393
0.442051
1.1228
-0.120329
0.0282018
-1.03067
-1.97166
2.01726
-1.1684
-1.10859
-0.311093
0.4154
-0.9937
0.481678
-0.783726
-1.4238
2.5241
0.63017
-1.73047
1.88869
2.53511
-3
2.94207
-2.06916
2.26244
2.85662
0.556783
0.405479
1.08963
-0.109817
0.19821
-1.17802
-1.92294
2.1333
-1.29999
-0.874629
-0.607481
0.463649
-0.887754
-0.0244318
-0.134074
0.0261411
0.0389634
1.40943
-0.0166939
-0.0983861
0.206654
-0.487763
0.867214
-1.09862
0.178849
0.392707
0.550191
0.415325
1.10361
-0.157285
0.228654
-1.17498
-1.94948
2.10447
-1.2586
-0.917033
-0.56974
0.472311
-0.881863
-0.177663
0.154103
0.469447
-0.715471
0.068101
0.814805
-1.13788
-0.444278
0.999683
-0.346199
0.148188
-0.100019
-0.870369
0.529982
0.447957
1.1643
-0.284784
0.24334
-1.12286
-2.03386
2.00087
-1.13132
-1.01204
-0.529762
0.475179
-0.878707
0.00490121
-0.374394
-0.729112
0.624812
0.0544431
-0.0473137
0.0354612
0.313888
0.477044
0.428679
0.740759
0.0107603
0.0245852
0.531385
0.44472
1.15129
-0.273189
0.256982
-1.13508
-2.02114
2.01189
-1.14204
-1.02885
-0.485828
0.476946
-0.865246
0.0456161
-0.0119965
-0.00280841
0.00377497
-0.00690356
-0.0326947
0.323789
-0.27828
-0.0715893
-0.0663694
0.121728
-0.933954
0.763897
0.53054
0.446503
1.15063
-0.272617
0.251078
-1.12909
-2.02056
2.00586
-1.13594
-1.04872
-0.455556
0.480395
-0.853643
-0.00323446
0.193846
0.296999
-0.0184472
-0.121982
0.295674
-0.0873694
-0.0223541
0.0307958
-0.0825892
0.112209
0.0514016
0.0232715
0.529197
0.448345
1.15038
-0.277594
0.254467
-1.12726
-2.02178
1.99983
-1.12844
-1.07031
-0.424168
0.494262
-0.850488
-0.00498932
0.00682637
-0.19752
0.594921
0.395959
-0.0178138
-0.00386
0.505646
0.0245211
0.512016
0.297978
0.667367
-0.0184351
0.528727
0.44877
1.14993
-0.280083
0.258459
-1.1283
-2.02214
1.99851
-1.12629
-1.07782
-0.412875
0.498665
-0.8483
-0.000731665
-0.00336263
-0.000711299
-0.00922588
0.00990727
0.0224867
0.0189745
-0.00550078
-0.00409429
-0.0286115
0.0138575
-0.0170116
0.0253457
-11.4435
-4.7551
5.81713
-19.4185
-33.5564
6.49282
3.397
15.4504
-2.46133
-8.25289
-22.1155
-15.8855
7.55958
-21.9756
-75.5871
8.69911
15.9954
39.7916
15.3371
2.1222
-15.7569
-9.39903
3.93044
-10.509
-35.7771
7.12497
22.2908
34.0198
11.5669
1.37759
-11.1863
-7.24546
6.03537
-4.78439
-61.5648
8.49355
34.2621
37.0969
15.6712
5.6433
-21.1143
-14.7707
7.2637
-7.23695
-60.202
8.99143
19.8919
28.5833
16.6876
3.9199
-5.19549
-3.95095
6.80639
-8.9584
-54.2796
9.7142
11.8451
24.3714
23.4743
7.97185
-28.8218
-17.2554
5.497
8.34558
-30.727
8.81068
1.12217
15.478
10.288
1.53673
-15.4894
-10.2055
6.24156
-8.12251
-52.4375
8.21584
21.9686
28.062
15.9751
4.35554
-6.50346
52.6288
-7.2621
0.042865
-32.7595
101.445
13.6249
33.26
-39.6351
274.023
0
0
1.34837
85.6697
-1.34837
34.7339
18.2655
172.288
-18.2655
127.191
-41.726
315.231
0
0
4.23592
41.8208
3.17993
3.99118
6.11275
99.2223
1.68929
59.7712
8.05774e-26
223.8
0
0
1.16844
65.6352
-1.16791
26.3802
6.03145
159.743
-5.55333
114.268
3.62301
212.017
0
0
11.4637
72.4418
8.30234
28.5051
5.69885
157.558
-1.02761
108.947
1.71455e-27
231.21
0
0
0.501585
62.7923
-0.405105
21.0554
3.10929
151.915
0.351687
99.4906
-50.1645
247.765
0
0
7.28577
66.564
7.16992
31.4433
18.5735
102.304
20.8606
72.7663
-30.1557
238.936
0
0
4.52755
63.6027
4.47948
24.1328
1.49902
140.982
0.585207
94.1916
-11.0913
231.357
0
0
