2.91614
0.5393
0.442051
1.1228
-0.120329
0.0282018
-1.03067
-1.97166
2.01726
-1.1684
-1.10859
-0.311093
0.4154
-0.9937
0.481678
-0.783726
-1.4238
2.5241
0.63017
-1.73047
1.88869
2.53511
-3
2.94207
-2.06916
2.26244
2.85662
0.554235
0.414868
1.09274
-0.0821793
0.1075
-1.11806
-1.92534
2.10303
-1.27043
-0.937529
-0.51678
0.402075
-0.872497
0.0351579
-0.065229
0.204698
0.0409261
-0.323458
0.116353
-0.298135
0.189987
-0.244895
0.242762
-0.436706
-0.0808225
-0.71929
0.528907
0.454587
1.19364
-0.282674
0.161427
-1.07239
-2.05679
1.97725
-1.1141
-0.971195
-0.629144
0.365813
-1.07337
-0.172439
1.23983
0.292216
-0.969863
0.154659
0.064909
-0.736734
-0.302277
0.754134
-0.30664
-0.125019
-0.440411
-0.543654
0.494215
0.498946
1.27989
-0.492168
0.23385
-1.02158
-2.16452
1.8195
-0.934875
-1.1083
-0.59449
0.352902
-0.985765
-0.0745632
0.103083
-0.215225
-0.479968
0.832809
0.142643
-0.200389
-0.409487
0.292275
-0.592794
0.323142
1.11412
0.257067
0.456424
0.540472
1.35755
-0.676602
0.27327
-0.954218
-2.24498
1.6489
-0.761473
-1.27264
-0.521641
0.385467
-0.878629
-0.17276
-0.181723
0.23866
-0.260546
0.0590656
0.605539
-0.146297
-1.01109
0.41981
-0.365998
-0.14286
-0.175458
1.1669
0.418057
0.578083
1.43436
-0.837162
0.273859
-0.871053
-2.30596
1.46818
-0.596577
-1.43277
-0.463496
0.312381
-0.760342
-0.0914089
0.328938
0.0712113
-0.84841
-0.282157
0.0709921
-0.174215
-0.433278
0.175103
-0.489958
0.333903
-1.22024
-0.0371328
0.401819
0.591742
1.44793
-0.887831
0.282128
-0.842228
-2.31053
1.39322
-0.530621
-1.57924
-0.286736
0.108886
-0.775791
0.0754774
-0.0582234
-0.452496
-0.102391
0.0198804
-0.137538
0.0438737
-0.0192311
0.0953438
-0.211719
0.491411
-0.488538
-0.834481
0.403716
0.589448
1.43832
-0.879252
0.293299
-0.852367
-2.30405
1.4055
-0.539774
-1.60389
-0.228989
-0.0792726
-0.852498
0.00209558
-0.00449351
-0.0146639
0.0230279
0.0269601
-0.0172266
0.0106202
0.0362551
-0.042308
0.0256627
-0.00800958
0.0373206
-0.00657067
-19.5455
-10.226
6.7999
1.08765
-19.3507
14.8792
17.5814
18.0102
0.467782
-4.33221
-46.4024
-20.1859
25.6971
9.62885
-12.7576
21.6854
-52.9823
4.53449
14.7536
-0.36545
-36.959
-13.8554
21.8348
13.4375
-0.0768655
10.0766
-27.5685
11.6909
23.9809
8.89098
-3.49919
-0.351644
10.0939
-4.28599
-23.1862
-2.86435
9.13749
15.6496
7.53898
1.25737
-30.1615
-21.407
11.6294
6.88137
-28.1015
6.37993
-8.729
19.9982
18.207
5.94172
-19.3408
-7.79069
13.224
59.9155
3.71825
22.7237
5.24526
16.7319
8.17633
-1.89433
-31.5703
-18.8154
10.9538
22.3323
-12.0685
8.02625
13.9969
16.84
22.825
9.12303
-16.2922
-10.2454
17.3445
19.3675
0.0403811
11.2429
-7.2891
4.84457
14.3534
2.94564
-130.437
60.9803
133.521
6.28861
-102.996
122.84
102.996
1.02013
-0.0296599
114.036
0
0
66.206
181.399
15.1208
52.0971
-51.3776
149.157
92.8059
3.77233
-159.87
479.986
0
0
139.48
154.698
-74.8547
30.0915
40.3826
68.571
-10.0265
18.9475
-99.3357
308.051
0
0
-102.628
66.6967
106.448
0.2094
52.7248
23.3219
-34.5021
66.3937
-0.18944
111.833
0
0
161.216
116.134
-101.879
75.0881
72.0728
116.165
-69.1441
90.8447
-113.898
335.855
0
0
-60.0083
105.644
84.655
14.2283
20.0501
173.092
57.5312
57.1101
-22.1337
158.604
0
0
32.9071
118.537
-30.1801
51.5375
-31.7924
110.038
40.5936
70.9962
-47.6242
198.253
0
0
12.8279
136.708
51.1223
59.4274
28.4997
97.8605
-11.6693
24.7643
-80.7817
235.506
0
0
