1.01481
0.5393
0.442051
1.1228
-0.120329
0.0282018
-1.03067
-1.97166
2.01726
-1.1684
-1.10859
-0.311093
0.4154
-0.9937
0.481678
-0.783726
-1.4238
2.5241
0.63017
-1.73047
1.88869
2.53511
-3
2.94207
-2.06916
2.26244
2.85662
0.565512
0.395639
1.05477
0.0368995
0.0138704
-1.10554
-1.88555
2.17463
-1.3
-0.889275
-0.529962
0.568005
-0.779709
0.178934
-0.312298
-0.237814
1.08445
-0.0988994
-0.50831
0.593919
1.08539
-1.55028
1.51271
-1.50166
0.945471
1.47169
0.567301
0.392151
1.07073
0.0337186
0.000378753
-1.10482
-1.88972
2.15921
-1.3
-0.815085
-0.658381
0.701406
-0.574514
-0.0799093
0.0436518
0.2727
-0.162917
-0.0929469
0.0450599
-0.482169
-0.300898
-0.126603
0.410186
-0.778408
0.695941
1.40531
0.555675
0.413605
1.13059
-0.0932532
0.0595031
-1.09684
-1.95959
2.10628
-1.27728
-0.821638
-0.734783
0.80232
-0.370855
-0.100702
0.150294
0.412945
-0.882103
0.819739
0.0549359
-0.636681
-0.540494
0.280155
-0.0533262
-0.51943
0.703805
1.82863
0.539469
0.439045
1.19955
-0.247101
0.136405
-1.08885
-2.05187
2.02794
-1.17561
-0.844876
-0.810101
0.898196
-0.238561
-0.164084
0.182592
0.803958
-1.13924
0.530793
0.203741
-0.635653
-0.730453
0.736626
-0.233022
-0.519786
-0.0407855
0.912431
0.520178
0.465433
1.27182
-0.411164
0.213307
-1.06033
-2.14408
1.94091
-1.06864
-0.879397
-0.885342
0.891675
-0.124592
-0.0927614
0.179799
0.498607
-1.12548
0.532263
-0.284958
-0.724497
-0.383202
0.7379
-0.280273
-0.44453
-0.193795
0.786037
0.506894
0.477794
1.3087
-0.513475
0.295411
-1.09169
-2.19793
1.89856
-1.00933
-0.903484
-0.925119
0.863563
-0.0285821
0.0339766
0.0852565
-0.0181694
-0.524147
0.566576
-0.335889
-0.371177
-0.00319285
0.409234
-0.126538
-0.177693
0.00844557
0.662315
0.507323
0.476652
1.30671
-0.513383
0.302431
-1.09575
-2.19672
1.90277
-1.01276
-0.900769
-0.925889
0.864775
-0.00785951
0.0029555
-0.00786538
-0.0137141
0.0277777
0.0484846
-0.0282167
0.00929612
0.0330817
-0.0541615
0.0187079
0.000523263
0.00838649
0.0198991
-20.4881
-11.5815
10.4513
-32.3136
-49.3343
6.31572
32.9343
33.5507
6.63318
-3.3987
-10.3189
-6.46004
11.3912
-11.9297
-46.4902
19.4828
-21.3704
12.3697
8.33546
-2.03137
-25.2785
-10.188
11.2531
-16.216
-40.4809
12.1145
-10.1076
25.4718
32.7014
15.6458
-49.1509
-25.4608
6.72566
21.7197
-20.5282
14.5809
15.7557
33.3143
10.4808
1.37192
-21.1471
-14.5649
5.94516
2.22819
-20.0576
10.9869
-23.5336
16.3469
2.6046
-2.3492
-21.1048
-9.50307
4.39294
41.9612
-52.5985
24.485
16.8198
36.9684
21.2675
8.76766
-24.4438
-16.5754
7.51161
20.34
-12.9009
10.4344
-13.4747
21.686
5.62702
-1.07348
-60.8805
-33.3958
4.37489
21.3735
-14.748
11.5706
25.4523
49.7043
14.6459
5.03481
21.7097
88.1442
17.0515
46.2467
-18.4663
136.862
-33.5095
50.6072
1.5651e-27
257.089
0
0
18.4332
80.7258
16.384
18.7499
-10.7042
201.891
-9.2645
26.1071
-90.8464
320.727
0
0
36.1831
86.5003
4.13121
33.4926
46.5078
138.506
-46.5078
39.3731
-68.0428
319.274
0
0
8.23638
92.9116
-7.41252
52.2883
51.3247
112.51
6.84847
59.7896
-12.9357
225.4
0
0
1.81938
70.5994
-1.81938
23.2032
33.7631
99.4632
-21.4729
28.2066
-94.9584
271.31
0
0
8.63259
56.6135
-14.1947
8.78172
149.091
219.67
-20.2725
148.384
3.12536e-07
220.435
0
0
-1.15266
83.2549
-3.09184
31.2359
46.9651
92.8773
-14.9846
45.4951
-79.9028
230.617
0
0
-20.9228
99.4977
-20.2707
37.466
88.8109
97.7378
-33.7575
59.5576
-13.8584
260.007
0
0
