0.25
0.2867
0.663014
0.181314
0.117591
0.382494
-0.6814
-0.926578
0.673731
0.0715327
-0.564501
-0.968901
0.587899
-0.3992
0.479294
-0.143741
2.12398
-0.555533
-1.59954
0.0310954
-3
2.99999
-2.12398
1.84011
2.99997
-3
-3
0.303674
0.657935
0.254134
0.104453
0.31858
-0.680289
-1.02586
0.771681
4.00542e-05
-0.498783
-0.861759
0.490197
-0.497114
0.46066
-0.131303
2.03896
-0.367879
-1.79184
-0.00314301
-2.98596
2.7426
-1.90266
1.57353
2.74207
-2.73566
-2.74159
0.319346
0.651681
0.324787
0.0913144
0.254377
-0.672772
-1.12138
0.862453
-0.0658566
-0.442585
-0.763828
0.401825
-0.58563
0.438832
-0.129809
1.97831
-0.367879
-1.81608
0.210479
-3
2.5416
-1.77234
1.30983
2.47761
-2.47443
-2.47842
0.335019
0.644923
0.399025
0.0760113
0.189006
-0.665255
-1.2168
0.943161
-0.126419
-0.395805
-0.675342
0.322935
-0.665118
0.363921
-0.109217
2.12279
-0.560738
-1.83038
0.310301
-2.73214
2.28063
-1.50617
1.0463
2.21696
-2.20668
-2.22443
0.348016
0.638416
0.474839
0.055985
0.121964
-0.654173
-1.30822
1.01359
-0.180211
-0.358438
-0.596165
0.253431
-0.734996
0.286792
-0.0587967
2.3154
-0.598405
-1.84003
0.310301
-2.47779
2.07967
-1.27541
0.778922
1.95032
-1.94612
-1.9566
0.358849
0.631734
0.547863
0.0354362
0.0562485
-0.64309
-1.39672
1.07365
-0.224799
-0.330619
-0.526511
0.193349
-0.795543
0.287317
0.0233759
2.2927
-0.378155
-1.57496
0.310301
-2.26503
1.83407
-1.22155
0.51558
1.70017
-1.68231
-1.69529
0.369111
0.623688
0.609633
0.0219307
0
-0.640447
-1.47761
1.13915
-0.274023
-0.312205
-0.46579
0.133266
-0.846551
0.312963
0.0692259
2.25366
-0.291756
-1.31107
0.406806
-2.1073
1.96059
-1.37826
0.249444
1.43724
-1.42539
-1.42823
0.380288
0.614117
0.665722
0.0115108
0
-0.616746
-1.55287
1.20616
-0.31901
-0.303297
-0.41446
0.0823593
-0.897559
0.322075
-0.093351
2.30536
-0.291756
-1.04904
0.663615
-1.85404
2.02076
-1.23415
-0.0155273
1.1708
-1.15918
-1.17005
18.3521
5.99495
4.53029
35.3212
-32.5321
5.72292
-12.4544
-13.7876
28.3651
13.9183
-13.5094
-6.30133
3.22519
100
0.614633
15.4221
-23.5092
-20.6197
20.3058
7.94243
27.6373
13.7117
6.56844
27.5014
-44.9616
10.2143
-9.74989
-10.7541
27.891
13.646
47.6464
25.362
13.7942
17.9405
-63.4972
9.71798
-9.69839
-10.635
28.7385
13.648
41.7298
19.4914
10.3585
19.0114
-63.6211
10.6143
-5.33137
-7.6457
29.3092
14.693
17.0354
14.0252
16.4154
100
-33.9554
19.1989
-18.0372
-16.5397
18.8724
5.48471
29.0032
20.2636
18.2964
20.4506
-40.1787
13.2325
-6.59381
-7.18503
24.7163
12.791
4.76947
3.52966
0.784816
9.53122
-3.00541
2.82221
-14.9743
-10.843
13.4484
8.85062
-7.45024
40.9344
-6.87697
-1.35293e-13
-88.1063
314.799
-85.4628
181.112
0
0
0
0
-0.0453237
39.4796
-0.103471
4.0025e-16
11.4719
348.724
-11.4719
244.358
0
0
0
0
4.75902
31.8613
4.94394
-4.59748e-26
-97.4876
316.694
-65.6616
149.447
0
0
0
0
38.1809
57.1577
45.0535
0
-96.18
352.231
-88.9929
176.834
0
0
0
0
-0.696882
58.8911
0.716797
-2.37074e-15
-92.8897
335.991
-81.8238
163.191
0
0
0
0
15.9
103.388
20.2858
-1.8523e-11
-1.61604
393.883
1.61604
272.612
0
0
0
0
16.7233
101.942
18.9563
8.97756e-14
-62.809
250.596
-57.9924
94.5512
0
0
0
0
0
2.41329e-13
0
0
-0.229483
34.7182
0.229481
17.0466
0
0
0
0
