2.12238
0.5393
0.442051
1.1228
-0.120329
0.0282018
-1.03067
-1.97166
2.01726
-1.1684
-1.10859
-0.311093
0.4154
-0.9937
0.481678
-0.783726
-1.4238
2.5241
0.63017
-1.73047
1.88869
2.53511
-3
2.94207
-2.06916
2.26244
2.85662
0.557904
0.408187
1.0815
-0.0586556
0.106424
-1.12927
-1.90825
2.12312
-1.29637
-0.915026
-0.532765
0.743435
-0.766665
0.0122166
-0.110768
0.165146
0.0115025
-0.0478941
-0.0940765
-0.165421
0.132276
-0.422044
0.551688
-0.719493
0.379614
0.533233
0.553908
0.411948
1.1223
-0.144329
0.180083
-1.15805
-1.95907
2.11337
-1.27659
-0.836214
-0.707685
0.82382
-0.635075
-0.220961
0.444812
-0.216211
-0.681903
0.550475
-0.121543
-0.260868
-0.117673
0.28438
0.211125
-0.316893
-0.0719075
0.219635
0.546926
0.418761
1.09312
-0.16864
0.258093
-1.18257
-1.94619
2.09483
-1.24177
-0.989284
-0.452317
0.801101
-0.568485
-0.0207217
0.0198014
-0.0847147
0.0722137
0.214634
-0.0361263
0.0813487
0.0892594
-0.23651
-0.515664
1.36432
-0.0749345
0.149583
0.537932
0.432405
1.09788
-0.208668
0.277963
-1.16717
-1.96382
2.0525
-1.18655
-1.15455
-0.216451
0.709688
-0.558916
-0.0428857
0.266543
0.494462
-1.41352
-0.185716
0.730013
-1.57222
-0.977347
0.632956
-0.649396
-0.0306269
-0.843038
-2.56083
0.496065
0.488705
1.21872
-0.468419
0.3374
-1.0877
-2.11759
1.85887
-0.960002
-1.27555
-0.251548
0.454092
-0.997845
-0.267099
0.124097
0.253723
-0.696129
0.244876
0.148451
-0.454646
-0.535268
1.22905
-0.364487
-0.206439
-1.83712
-1.30542
0.460515
0.524251
1.29831
-0.665451
0.415439
-1.0483
-2.21237
1.71665
-0.802599
-1.37606
-0.270284
0.306118
-1.06593
-0.116935
-0.128773
0.722941
0.190561
0.438541
-0.0981515
0.477611
-0.170558
0.463506
-0.0183098
0.067125
-0.405808
-0.223489
0.462056
0.522879
1.29441
-0.656558
0.411895
-1.04975
-2.20796
1.72255
-0.809002
-1.37713
-0.260123
0.189339
-1.12783
0.0058438
-0.00382406
-0.0159802
0.0268335
-0.0168689
0.021368
0.00853495
0.0298206
-0.0390319
0.0264461
-0.0102195
0.0131731
0.0211667
-45.5532
-21.7238
10.2129
-1.5911
-12.3508
9.6907
28.3006
30.2825
1.19212
-5.3213
-81.5962
-42.509
12.1639
-7.19892
-16.7392
11.9473
23.311
49.1187
17.8467
3.93856
-6.07624
-4.25289
1.74424
29.0235
-39.507
24.4875
-37.4742
4.49754
14.6877
5.40163
-31.5347
-20.4326
13.0507
-0.662674
-16.6219
5.91624
22.1113
21.7599
13.9204
4.37625
-72.027
-39.3682
2.09938
-33.8495
-24.3482
-0.336292
42.1644
43.8253
5.05313
-4.57419
-65.7366
-33.603
17.4869
28.4182
11.9766
9.25607
34.2589
25.296
25.5245
13.5621
-42.6292
-28.6318
-5.99285
21.19
-42.0296
4.98229
23.6862
27.9001
18.3674
3.64378
-23.3616
-13.1413
25.6265
14.4142
3.38855
10.8337
-19.9918
-1.255
13.727
2.1156
23.6737
102.672
-23.6787
21.715
-75.7286
81.8286
85.387
9.31603
-0.119399
225.726
0
0
-6.05965
161.176
-33.1888
41.1597
41.1499
107.229
-40.7442
11.1479
-42.6603
421.468
0
0
-4.92318
30.0788
4.92318
9.80547
58.0958
185.539
34.4159
78.7888
-96.2549
276.933
0
0
18.4489
103.286
43.2415
73.4471
2.98498
70.6958
-2.98498
28.2957
-0.709954
89.0284
0
0
-7.88346
81.792
7.88346
53.3566
-34.1647
54.6876
18.6989
34.4217
-8.59954
530.529
0
0
-38.4905
190.901
-22.1838
31.3314
-14.5099
46.7628
14.5099
5.80886
-2.58096
79.3072
0
0
59.7684
18.5929
-59.7684
63.555
50.5525
124.323
28.7415
158.757
-15.977
299.516
0
0
17.4831
175.075
51.3196
29.419
36.6001
74.7943
-11.9208
7.87324
-93.4852
267.103
0
0
