0.356482
0.5393
0.442051
1.1228
-0.120329
0.0282018
-1.03067
-1.97166
2.01726
-1.1684
-1.10859
-0.311093
0.4154
-0.9937
0.481678
-0.783726
-1.4238
2.5241
0.63017
-1.73047
1.88869
2.53511
-3
2.94207
-2.06916
2.26244
2.85662
0.556881
0.410608
1.06964
-0.0176942
0.0410504
-1.09299
-1.89753
2.11564
-1.28774
-0.982634
-0.416467
0.506205
-0.873753
0.323759
-0.588738
-1.04394
2.01693
0.231998
-1.22373
1.38553
2.02844
-2.49718
2.46861
-2.14036
1.78309
2.35531
0.569425
0.387658
1.03556
0.0591422
0.0351605
-1.12986
-1.8529
2.16912
-1.3
-0.882711
-0.513195
0.593597
-0.77747
0.162768
-0.361312
-0.597273
1.50878
-0.136869
-0.72393
0.876511
1.52041
-1.98792
1.96212
-1.81411
1.31681
1.89064
0.576886
0.37218
1.01837
0.110079
0.0205339
-1.14898
-1.8337
2.20589
-1.3
-0.806368
-0.60094
0.639837
-0.704991
0.022441
-0.233049
-0.246527
1.0002
-0.423694
-0.221198
0.37272
1.01681
-1.4793
1.49909
-1.46866
0.858764
1.43437
0.580396
0.364518
1.01608
0.135127
0.000946482
-1.15216
-1.83347
2.23176
-1.3
-0.755714
-0.67079
0.669056
-0.657224
-0.0898387
-0.125584
0.0692469
0.491845
-0.384621
-0.051301
-0.0474822
0.507844
-0.972174
0.994647
-1.03377
0.371572
0.937957
0.581321
0.362433
1.02093
0.134266
0
-1.15519
-1.83599
2.2319
-1.3
-0.729725
-0.714002
0.675568
-0.634126
-0.113416
-0.0466806
0.168052
-0.0169184
-0.00844974
-0.0235166
-0.0837913
0.00282395
-0.474947
0.510327
-0.593444
0.0135212
0.453522
0.580726
0.363566
1.02692
0.126371
0
-1.15329
-1.84025
2.22422
-1.3
-0.723662
-0.730356
0.672667
-0.624215
-0.032734
-0.0136693
0.0559321
-0.155057
0.118479
0.0426691
0.0106588
-0.150925
6.14095e-08
0.11904
-0.169151
-0.0620245
0.110063
0.580406
0.364501
1.02901
0.121533
0.00233515
-1.15288
-1.84199
2.22144
-1.3
-0.724788
-0.731218
0.67049
-0.621429
-0.00380754
0.0112499
0.0183886
-0.0423219
0.015484
0.0038578
-0.034188
-0.0545643
0.23619
-0.0221333
0.00342231
-0.0202793
0.00195797
-28.1017
-20.4597
-0.72484
-11.1513
-21.6541
8.50425
-46.5407
-12.4098
6.18729
-3.55924
-35.5924
-22.8579
6.09278
-20.3671
-57.6111
20.9614
40.8079
46.0176
9.91448
-2.1851
-22.7905
-16.7366
4.10686
-12.1796
-39.2487
13.7117
-33.0544
6.84708
10.861
0.0452985
-27.4242
-15.6468
6.29933
-21.3554
-46.2289
7.61714
30.9571
44.1453
2.7021
-4.50844
-1.04001
-3.11009
5.74143
-16.1787
-59.4032
8.42052
-29.6114
11.7687
5.87354
-2.55276
-15.2778
-4.71903
7.69252
18.8287
-57.9373
24.1117
12.9416
31.2657
3.11695
-5.19258
-19.473
-8.64125
13.8664
19.389
-45.2599
25.2461
-16.3989
16.5508
16.796
3.60272
-60.4658
-28.9492
11.9368
-9.20224
-11.8519
1.81116
26.1069
49.5841
16.9016
5.34811
-9.94771
40.625
-10.0111
34.2884
-10.6671
96.4703
4.33798
21.1864
-135.76
392.211
0
0
-6.01604
89.1948
-6.30967
37.6636
5.29807
231.958
-43.4673
38.3659
-5.73263e-16
316.284
0
0
-6.67361
64.1619
-6.59969
27.9612
-16.185
155.922
1.68055
32.166
-124.037
354.392
0
0
0.00355403
68.6856
-0.0235639
21.7446
-17.0943
130.11
6.05985
51.2817
-9.05996e-17
261.2
0
0
0.0989323
55.6276
-0.0989267
13.4621
0.40162
151.945
-0.40162
82.021
-105.016
300.046
0
0
10.2666
54.3183
10.1151
3.92184
52.084
205.301
48.3168
81.5585
5.23607e-23
206.869
0
0
17.6191
103.607
13.3265
15.8369
53.943
199.561
39.6633
67.8853
-61.2225
246.412
0
0
7.038
123.618
7.90471
48.1356
0.0374612
42.7352
-0.0190927
27.3405
-14.9627
312.438
0
0
