1.72656
0.5393
0.442051
1.1228
-0.120329
0.0282018
-1.03067
-1.97166
2.01726
-1.1684
-1.10859
-0.311093
0.4154
-0.9937
0.481678
-0.783726
-1.4238
2.5241
0.63017
-1.73047
1.88869
2.53511
-3
2.94207
-2.06916
2.26244
2.85662
0.558895
0.407783
1.06596
-0.0157816
0.0542837
-1.10447
-1.88966
2.12368
-1.29999
-0.966008
-0.434555
0.435763
-0.867642
0.0183571
-0.0937348
0.0371328
0.22625
0.0609722
-0.263516
-0.15433
0.430038
-0.533487
0.578061
-0.500369
0.0825491
0.511077
0.549133
0.425314
1.10337
-0.0831346
0.0524164
-1.07265
-1.9415
2.07039
-1.23226
-0.998041
-0.443426
0.43952
-0.858741
-0.0679005
1.04238
0.153016
-0.528742
-0.00886391
0.532268
-0.220537
-0.235408
0.278346
-0.306857
-0.0297774
0.0105578
-0.171926
0.537992
0.443897
1.13465
-0.146627
0.0501455
-1.03817
-1.98514
2.01138
-1.16089
-1.07006
-0.387369
0.441539
-0.852718
0.0773117
-0.0557912
-0.77063
-0.120335
-0.0151619
-0.563361
-0.145591
-0.239885
0.299489
-0.111991
0.617171
0.00218996
0.0812896
0.525422
0.463359
1.16914
-0.213977
0.0445483
-0.999715
-2.02944
1.94656
-1.08627
-1.14459
-0.335294
0.439603
-0.841231
-0.186486
0.183368
0.292376
-0.621228
-0.162824
0.755437
-0.553063
-0.849971
0.900397
-0.320524
0.18995
-0.229753
0.0457906
0.481314
0.521687
1.29357
-0.43178
0.00614981
-0.867941
-2.16526
1.72972
-0.858035
-1.28219
-0.364538
0.440028
-0.837098
-0.178639
0.595232
0.71352
-0.890522
-0.00108416
0.308452
-0.193832
-0.909296
1.09092
-0.669581
-0.363363
0.0532441
0.0116163
0.469555
0.535118
1.32511
-0.489254
0.00308471
-0.838944
-2.19568
1.67383
-0.803265
-1.30804
-0.390905
0.441804
-0.835264
-0.019725
0.0261295
0.00308216
-0.227378
-0.0810989
0.0547531
-0.0808656
-0.219387
0.0261016
-0.0984347
-0.106873
-0.18748
-0.0829043
0.468922
0.535819
1.32586
-0.491525
0.0032184
-0.837558
-2.19633
1.67084
-0.800371
-1.3138
-0.384171
0.441601
-0.840501
0.00577353
-0.00304352
-0.000687063
0.0110096
0.00487589
-0.0116225
0.00186913
0.0157543
-0.00869386
0.00195185
0.0341475
0.0226447
-0.0190956
-5.23295
-1.64633
0.756369
-10.655
-4.20671
-0.979968
5.89082
8.10705
-10.8691
-8.99996
-74.0918
-43.0981
11.7239
64.3404
-44.6722
61.0256
-52.3998
0.550212
22.1752
1.41982
-13.0808
-7.20891
-0.816435
35.0468
-34.126
28.8195
0.408247
10.9479
19.1039
6.67571
-6.12235
-6.81748
-1.08102
-5.34698
-17.7737
10.6085
5.63334
10.9849
-3.93064
-4.5577
-81.7883
-39.1455
21.1309
-6.72045
-27.6836
19.9242
49.4113
49.903
39.8096
16.2326
-42.8608
-18.5375
9.01443
-16.8981
-14.3258
-4.43666
58.8322
48.9182
1.38619
-3.23206
-73.3251
-35.5203
10.2155
-7.49888
-2.69226
-2.06919
47.6109
47.828
18.3467
6.14127
-87.097
-45.8975
2.91704
20.021
-2.51217
8.92777
54.0732
49.5857
16.2812
4.85559
0.0557171
6.35939
-0.218444
0.0303562
-269.654
0.100566
269.656
0.0171568
-0.000198308
67.9675
0
0
2.49309
176.708
-71.8589
30.6692
205.931
396.227
-54.8579
35.412
-176.787
505.883
0
0
45.2917
15.3098
-52.7757
17.144
42.9263
202.608
46.4558
52.7693
-6.77612
161.344
0
0
123.721
7.30356
-127.03
13.4569
41.4072
97.7897
-41.4072
0.173722
-29.4629
120.537
0
0
71.5469
220.876
-71.5469
72.8969
24.015
194.525
-87.8183
0.647385
-1.365e-18
392.021
0
0
23.3678
94.6856
-13.6231
24.4648
35.7032
8.85123
-35.7032
40.0932
48.2802
206.809
0
0
-3.85301
143.86
3.85301
80.6307
-11.6012
5.42585
12.7926
30.4532
0.789481
288.78
0
0
-42.7417
118.567
-18.0938
56.2406
-1.74666
74.0273
42.0177
41.5654
20.5648
263.866
0
0
