2.0029
0.5393
0.442051
1.1228
-0.120329
0.0282018
-1.03067
-1.97166
2.01726
-1.1684
-1.10859
-0.311093
0.4154
-0.9937
0.481678
-0.783726
-1.4238
2.5241
0.63017
-1.73047
1.88869
2.53511
-3
2.94207
-2.06916
2.26244
2.85662
0.557636
0.406411
1.11088
-0.11102
0.156815
-1.15668
-1.9403
2.12942
-1.3
-0.822948
-0.708246
0.402223
-0.973292
-0.0627307
-0.122463
0.687459
0.0325352
0.251138
-0.440375
-0.820113
0.391989
-0.459924
0.941523
-1.38802
-0.0765827
0.0713247
0.539687
0.438777
1.26801
-0.313681
0.133694
-1.08803
-2.11999
2.02876
-1.17678
-0.727172
-1.06999
0.376806
-0.978497
-0.0580639
0.222908
0.531059
-0.921181
-0.0808073
0.396622
-0.625026
-0.3846
0.443338
0.28913
-0.429185
-0.125627
-1.36843
0.527879
0.45708
1.27134
-0.353822
0.140137
-1.05766
-2.13387
1.96859
-1.10607
-0.824765
-0.951494
0.34086
-0.964889
-0.0364645
-0.161209
-0.770493
0.0130491
0.212082
0.0532088
0.196361
-0.207663
0.25744
-0.341084
1.143
0.702518
0.125468
0.514107
0.475396
1.23562
-0.373556
0.180365
-1.04243
-2.10892
1.9057
-1.0324
-1.02641
-0.624448
0.311043
-0.92899
-0.235581
0.199064
0.234844
-0.111262
0.0970507
0.621403
-0.428057
-1.1328
0.560625
-1.34223
1.58328
-0.154446
0.831884
0.445101
0.557984
1.37644
-0.669263
0.157457
-0.86463
-2.2469
1.57068
-0.700216
-1.38655
-0.391332
0.266851
-0.942191
-0.388809
0.488899
1.02203
-1.17016
-0.129775
0.557609
-0.483015
-1.76182
1.16097
-0.715667
0.510143
-0.41437
-0.0886452
0.39384
0.602847
1.47694
-0.891817
0.191088
-0.776209
-2.32119
1.33298
-0.488731
-1.58681
-0.336543
0.244999
-0.967555
-0.179153
0.155041
0.317581
-0.734405
0.117544
-0.0012164
-0.166531
-0.830733
0.739123
0.00895192
-0.0413039
0.0556709
-0.180129
0.391885
0.604725
1.48139
-0.89656
0.183332
-0.768157
-2.32325
1.32201
-0.480141
-1.59426
-0.335969
0.254422
-0.997861
0.00684513
-0.00376698
-0.0060561
0.0265682
-0.0271061
0.028143
0.0284628
-0.019587
-0.00218346
-0.0309497
0.0611667
0.0329324
-0.0366558
-50.464
-26.8203
9.32927
-5.62536
5.79472
0.141932
-25.7363
-1.23016
3.68251
-3.67284
-21.2143
-12.5801
11.6396
7.69494
-47.1623
14.8445
-31.8146
14.3711
8.2857
-3.11168
-12.6128
-7.68199
2.69421
27.7938
-31.5929
16.8281
-29.6532
20.3164
18.0742
4.71817
-8.88034
-4.70126
10.3982
11.689
-27.2761
11.2988
-33.5002
14.6835
19.4084
7.94739
-0.661276
-5.05487
6.86868
1.87324
-64.286
11.3045
-8.91821
12.9887
13.9593
2.52914
-26.1338
-12.7787
7.11901
31.0151
-5.45349
9.43438
-14.5373
3.5164
15.7392
3.74123
-25.744
-15.8188
12.2365
-0.0322841
-4.62075
1.72282
32.4821
33.384
13.3293
2.65349
-29.5633
-17.4848
4.8484
24.1941
-21.7831
6.10344
30.0789
29.2514
15.5785
4.08397
17.1004
108.875
-11.8893
50.0036
-52.3469
2.02593
52.3469
0
-105.392
301.12
0
0
9.15066
91.1163
37.2222
45.252
48.6706
142.013
30.285
100.892
-107.462
318.116
0
0
16.2787
35.5227
-15.2537
3.30993
33.9327
136.678
41.4489
82.5216
-92.406
266.614
0
0
4.81528
78.4571
31.7862
36.5413
30.6127
111.222
29.2392
68.7375
-90.3273
259.415
0
0
15.0301
64.4785
-14.3786
19.6212
13.7314
182.695
-13.1437
126.324
-76.3745
219.775
0
0
2.3302
75.3618
32.4621
40.9114
39.9642
92.4836
12.727
72.0327
-84.4578
241.745
0
0
50.842
122.947
22.7937
107.302
0.422529
44.5374
-0.187454
35.7877
-8.77357
219.866
0
0
-13.4597
78.5908
13.8568
48.1895
9.32354
127.898
3.22229
109.422
-12.9432
190.165
0
0
