2.12165
0.5393
0.442051
1.1228
-0.120329
0.0282018
-1.03067
-1.97166
2.01726
-1.1684
-1.10859
-0.311093
0.4154
-0.9937
0.481678
-0.783726
-1.4238
2.5241
0.63017
-1.73047
1.88869
2.53511
-3
2.94207
-2.06916
2.26244
2.85662
0.557678
0.406465
1.09469
-0.0937641
0.1546
-1.15553
-1.92391
2.1292
-1.29998
-0.8644
-0.626504
0.669954
-0.866098
0.0600783
-0.115844
0.068909
-0.174796
-0.0603978
-0.16322
-0.317169
0.362729
-0.432346
0.608467
-1.04057
-0.129465
0.420941
0.548097
0.417232
1.17179
-0.241186
0.25176
-1.18237
-2.02265
2.09935
-1.24849
-0.773328
-0.872008
0.628098
-0.888749
-0.102444
0.2459
0.281731
-0.989541
0.607907
0.070209
-1.17092
-0.102355
0.379609
-0.320614
-0.618329
-0.247925
-0.0747695
0.516477
0.457512
1.2449
-0.450695
0.366003
-1.16021
-2.14059
1.97149
-1.0758
-0.901808
-0.827788
0.550327
-0.969026
-0.134327
0.122489
-0.588585
0.208035
0.221072
0.222434
0.0636826
-0.623209
1.1579
-0.47666
0.447405
-0.334399
-0.35004
0.468387
0.513538
1.32089
-0.675638
0.432354
-1.0776
-2.23976
1.7613
-0.842433
-1.16364
-0.620177
0.440925
-1.08063
-0.247422
0.457317
0.62288
-1.36658
0.218939
0.316546
-0.394158
-0.855752
0.7693
-2.04531
1.33127
-1.99664
-0.580965
0.412335
0.564391
1.41268
-0.919765
0.49804
-0.990956
-2.32902
1.52561
-0.609264
-1.4261
-0.457758
0.143145
-1.25673
-0.0957905
0.100854
0.0854199
-0.769588
-0.167344
0.189079
-0.202686
-0.720127
0.636314
-0.844019
0.230265
-0.982283
-1.53335
0.400366
0.581718
1.43799
-0.943957
0.431109
-0.925146
-2.32976
1.43889
-0.547122
-1.5277
-0.358886
-0.0285247
-1.48104
-0.0337858
0.0563455
-0.526741
0.188868
-0.29758
0.376658
0.492114
-0.0909906
0.200995
-0.114164
0.326179
-0.233884
-0.739654
0.401387
0.584305
1.4364
-0.924007
0.391531
-0.903927
-2.31965
1.42775
-0.544507
-1.55977
-0.302472
-0.0994234
-1.63786
0.0051211
-0.00136936
0.00181846
0.00620331
0.00240192
-0.00372656
0.000885515
0.0128801
-0.0327783
-0.00498842
0.0244657
0.0249287
-0.00341436
-30.0907
-17.0458
-0.342601
-11.7466
-12.6119
5.24479
13.1011
19.9478
-5.25377
-8.91391
-54.5238
-34.9746
2.07348
45.9777
-38.5423
43.7519
-34.4466
10.5148
18.6262
4.10466
0.442738
-0.566636
-0.960113
14.4969
-29.2378
16.2157
-25.2555
8.27813
14.9123
5.1747
-29.2307
-17.0989
29.2726
7.18627
-15.566
10.758
-29.0752
27.5333
11.647
0.41813
-14.5054
-7.89291
5.04301
21.3579
-28.5438
10.1908
11.3276
13.5648
12.053
3.49709
-24.5247
-20.8429
18.2784
23.2789
0.89117
3.80093
-13.4474
16.6353
16.3445
-0.0980835
-11.5725
-15.3077
4.23979
8.67987
-17.5677
1.77042
1.75544
11.1414
16.2217
5.10801
-16.8766
-10.1751
24.6941
16.1755
3.45364
7.29851
-7.35051
8.11672
9.53353
-1.80465
32.9886
28.2067
-38.8504
21.5292
-96.9702
55.7891
97.0305
4.95325
-14.4635
236.145
0
0
1.52739
94.3934
-42.3829
60.5287
57.3867
290.205
58.3658
40.549
-119.042
341.174
0
0
17.844
2.87242
-17.844
7.31608
59.3675
128.238
3.5703
51.6837
-61.7321
196.119
0
0
48.4959
195.839
32.9981
37.0216
-31.592
103.095
32.0144
35.7632
-130.932
374.183
0
0
-13.1791
55.0552
13.1821
6.89088
66.8271
125.023
-16.8207
91.0637
-1.22393
86.6479
0
0
22.8791
143.295
51.9595
70.5599
81.3946
48.1603
-41.4616
65.9926
-121.3
347.685
0
0
22.7974
63.6713
31.8941
94.0833
-219.035
73.923
226.203
81.1163
-62.2131
178.41
0
0
114.392
177.48
-50.7172
36.6219
628.879
62.6085
-604.945
27.2475
-87.6078
250.308
0
0
