1.05
0.5393
0.442051
1.1228
-0.120329
0.0282018
-1.03067
-1.97166
2.01726
-1.1684
-1.10859
-0.311093
0.4154
-0.9937
0.481678
-0.783726
-1.4238
2.5241
0.63017
-1.73047
1.88869
2.53511
-3
2.94207
-2.06916
2.26244
2.85662
0.56432
0.397996
1.06015
0.0333694
0.00203443
-1.09556
-1.89258
2.17253
-1.3
-0.892276
-0.53312
0.542202
-0.787292
0.166651
-0.0737049
-0.322307
1.02466
-0.438505
-0.320518
0.493089
1.03511
-1.5
1.44208
-0.780868
0.822439
1.37491
0.559068
0.407964
1.10865
-0.0318941
0.000906995
-1.07766
-1.93156
2.12292
-1.3
-0.833616
-0.685666
0.644426
-0.621483
-0.0655963
0.0679311
0.425602
-0.43664
-0.0045896
0.669749
-0.564865
-0.367838
-1.69807e-14
0.390762
-1.31918
0.674632
1.10487
0.548131
0.427486
1.17775
-0.135218
0.000498777
-1.04303
-2.01662
2.06345
-1.22458
-0.810832
-0.819068
0.716812
-0.456031
-0.215746
0.326146
0.466458
-0.978846
1.06492
0.230872
-0.868236
-0.574948
0.609552
-0.915151
-0.323268
0.477951
1.59071
0.515232
0.476502
1.26975
-0.374731
0.113695
-1.00872
-2.13805
1.90119
-1.03289
-0.948685
-0.785371
0.711609
-0.407394
-0.310292
0.662294
0.947739
-1.59992
0.684125
-0.526661
-0.588898
-1.10771
1.43421
-0.934921
0.230263
-0.955901
0.209548
0.492078
0.502901
1.30768
-0.515878
0.211981
-1.00378
-2.19018
1.8042
-0.921702
-1.06599
-0.701747
0.58385
-0.416754
-0.148094
0.120326
0.143274
-0.936647
0.600418
0.0158787
-0.188239
-0.366993
0.43229
-0.62805
0.793043
-0.84976
-1.01249
0.473574
0.520918
1.32513
-0.607281
0.280255
-0.998101
-2.21646
1.73228
-0.84095
-1.18274
-0.582024
0.567037
-0.516725
-0.0324714
0.120001
-0.338355
0.0385632
0.453916
0.355858
-0.173953
-0.53382
0.552781
-0.900984
1.29881
-0.0493903
-0.664287
0.472092
0.52389
1.31261
-0.590383
0.261502
-0.983729
-2.20117
1.7201
-0.831537
-1.2515
-0.459373
0.568872
-0.523283
0.00836995
-0.0277805
-0.0745565
0.191513
-0.161004
-0.0491604
0.121599
-0.014886
-0.0406855
0.0390892
0.0708877
0.026784
0.0673952
-7.31529
-9.18251
-3.01011
-15.4832
-45.5655
-10.6165
-25.0723
-2.89805
-0.995876
-6.61882
-62.6006
-32.6201
17.7033
62.8855
-39.5076
60.507
-38.8213
7.85252
18.2335
0.865577
-6.53091
-0.935249
0.67011
-10.3211
-6.02164
-0.619288
-9.7406
1.29409
17.9983
11.0179
-46.5826
-43.0977
-18.7056
28.1678
-99.9921
12.065
-56.1255
31.5713
24.1875
5.06121
-14.4999
-8.53005
-1.95364
14.8975
9.82824
1.63971
14.3162
9.57636
-19.1965
-12.9482
19.8996
6.75672
-0.798129
60.5634
-77.2558
25.868
-41.079
3.55133
25.8087
7.23007
12.158
2.17404
0.779947
46.7761
-44.5275
35.8903
9.3047
3.6775
23.7344
12.6846
-44.3889
-36.3352
-10.5869
29.1044
5.98779
18.553
-21.9495
5.78326
17.0345
5.93918
-15.5524
0.00314835
15.5551
20.2132
-92.6359
0.254061
143.547
145.207
-86.5013
247.147
0
0
-27.5516
192.695
-39.8916
1.26622e-14
-73.6779
394.261
211.669
6.87881e-14
-139.022
397.207
0
0
-12.2486
2.18738
12.2486
-1.83205e-17
-247.754
1.82593
247.754
0.0879086
4.14907e-15
81.5264
0
0
-18.2861
7.89429e-14
-29.2455
135.805
72.3784
193.09
100.605
301.258
-199.859
571.025
0
0
1.45394
9.93185e-19
-1.45394
2.14825
-128.237
1.20465
128.237
2.78919e-19
-5.64897e-16
9.16764
0
0
3.41768
0.046377
-8.99905
15.56
131.053
282.75
53.2449
243.816
-97.0511
277.289
0
0
0.82635
14.4484
-0.82635
1.19382
13.1958
325.142
-13.1958
60.062
-8.74321e-16
11.6191
0
0
16.6516
0
39.2955
159.849
28.2878
117.182
12.7261
0
-97.0352
277.243
0
0
1.01481
0.5393
0.442051
1.1228
-0.120329
0.0282018
-1.03067
-1.97166
2.01726
-1.1684
-1.10859
-0.311093
0.4154
-0.9937
0.481678
-0.783726
-1.4238
2.5241
0.63017
-1.73047
1.88869
2.53511
-3
2.94207
-2.06916
2.26244
2.85662
0.565512
0.395639
1.05477
0.0368995
0.0138704
-1.10554
-1.88555
2.17463
-1.3
-0.889275
-0.529962
0.568005
-0.779709
0.178934
-0.312298
-0.237814
1.08445
-0.0988994
-0.50831
0.593919
1.08539
-1.55028
1.51271
-1.50166
0.945471
1.47169
0.567301
0.392151
1.07073
0.0337186
0.000378753
-1.10482
-1.88972
2.15921
-1.3
-0.815085
-0.658381
0.701406
-0.574514
-0.0799093
0.0436518
0.2727
-0.162917
-0.0929469
0.0450599
-0.482169
-0.300898
-0.126603
0.410186
-0.778408
0.695941
1.40531
0.555675
0.413605
1.13059
-0.0932532
0.0595031
-1.09684
-1.95959
2.10628
-1.27728
-0.821638
-0.734783
0.80232
-0.370855
-0.100702
0.150294
0.412945
-0.882103
0.819739
0.0549359
-0.636681
-0.540494
0.280155
-0.0533262
-0.51943
0.703805
1.82863
0.539469
0.439045
1.19955
-0.247101
0.136405
-1.08885
-2.05187
2.02794
-1.17561
-0.844876
-0.810101
0.898196
-0.238561
-0.164084
0.182592
0.803958
-1.13924
0.530793
0.203741
-0.635653
-0.730453
0.736626
-0.233022
-0.519786
-0.0407855
0.912431
0.520178
0.465433
1.27182
-0.411164
0.213307
-1.06033
-2.14408
1.94091
-1.06864
-0.879397
-0.885342
0.891675
-0.124592
-0.0927614
0.179799
0.498607
-1.12548
0.532263
-0.284958
-0.724497
-0.383202
0.7379
-0.280273
-0.44453
-0.193795
0.786037
0.506894
0.477794
1.3087
-0.513475
0.295411
-1.09169
-2.19793
1.89856
-1.00933
-0.903484
-0.925119
0.863563
-0.0285821
0.0339766
0.0852565
-0.0181694
-0.524147
0.566576
-0.335889
-0.371177
-0.00319285
0.409234
-0.126538
-0.177693
0.00844557
0.662315
0.507323
0.476652
1.30671
-0.513383
0.302431
-1.09575
-2.19672
1.90277
-1.01276
-0.900769
-0.925889
0.864775
-0.00785951
0.0029555
-0.00786538
-0.0137141
0.0277777
0.0484846
-0.0282167
0.00929612
0.0330817
-0.0541615
0.0187079
0.000523263
0.00838649
0.0198991
-20.4881
-11.5815
10.4513
-32.3136
-49.3343
6.31572
32.9343
33.5507
6.63318
-3.3987
-10.3189
-6.46004
11.3912
-11.9297
-46.4902
19.4828
-21.3704
12.3697
8.33546
-2.03137
-25.2785
-10.188
11.2531
-16.216
-40.4809
12.1145
-10.1076
25.4718
32.7014
15.6458
-49.1509
-25.4608
6.72566
21.7197
-20.5282
14.5809
15.7557
33.3143
10.4808
1.37192
-21.1471
-14.5649
5.94516
2.22819
-20.0576
10.9869
-23.5336
16.3469
2.6046
-2.3492
-21.1048
-9.50307
4.39294
41.9612
-52.5985
24.485
16.8198
36.9684
21.2675
8.76766
-24.4438
-16.5754
7.51161
20.34
-12.9009
10.4344
-13.4747
21.686
5.62702
-1.07348
-60.8805
-33.3958
4.37489
21.3735
-14.748
11.5706
25.4523
49.7043
14.6459
5.03481
21.7097
88.1442
17.0515
46.2467
-18.4663
136.862
-33.5095
50.6072
1.5651e-27
257.089
0
0
18.4332
80.7258
16.384
18.7499
-10.7042
201.891
-9.2645
26.1071
-90.8464
320.727
0
0
36.1831
86.5003
4.13121
33.4926
46.5078
138.506
-46.5078
39.3731
-68.0428
319.274
0
0
8.23638
92.9116
-7.41252
52.2883
51.3247
112.51
6.84847
59.7896
-12.9357
225.4
0
0
1.81938
70.5994
-1.81938
23.2032
33.7631
99.4632
-21.4729
28.2066
-94.9584
271.31
0
0
8.63259
56.6135
-14.1947
8.78172
149.091
219.67
-20.2725
148.384
3.12536e-07
220.435
0
0
-1.15266
83.2549
-3.09184
31.2359
46.9651
92.8773
-14.9846
45.4951
-79.9028
230.617
0
0
-20.9228
99.4977
-20.2707
37.466
88.8109
97.7378
-33.7575
59.5576
-13.8584
260.007
0
0
0.356482
0.5393
0.442051
1.1228
-0.120329
0.0282018
-1.03067
-1.97166
2.01726
-1.1684
-1.10859
-0.311093
0.4154
-0.9937
0.481678
-0.783726
-1.4238
2.5241
0.63017
-1.73047
1.88869
2.53511
-3
2.94207
-2.06916
2.26244
2.85662
0.556881
0.410608
1.06964
-0.0176942
0.0410504
-1.09299
-1.89753
2.11564
-1.28774
-0.982634
-0.416467
0.506205
-0.873753
0.323759
-0.588738
-1.04394
2.01693
0.231998
-1.22373
1.38553
2.02844
-2.49718
2.46861
-2.14036
1.78309
2.35531
0.569425
0.387658
1.03556
0.0591422
0.0351605
-1.12986
-1.8529
2.16912
-1.3
-0.882711
-0.513195
0.593597
-0.77747
0.162768
-0.361312
-0.597273
1.50878
-0.136869
-0.72393
0.876511
1.52041
-1.98792
1.96212
-1.81411
1.31681
1.89064
0.576886
0.37218
1.01837
0.110079
0.0205339
-1.14898
-1.8337
2.20589
-1.3
-0.806368
-0.60094
0.639837
-0.704991
0.022441
-0.233049
-0.246527
1.0002
-0.423694
-0.221198
0.37272
1.01681
-1.4793
1.49909
-1.46866
0.858764
1.43437
0.580396
0.364518
1.01608
0.135127
0.000946482
-1.15216
-1.83347
2.23176
-1.3
-0.755714
-0.67079
0.669056
-0.657224
-0.0898387
-0.125584
0.0692469
0.491845
-0.384621
-0.051301
-0.0474822
0.507844
-0.972174
0.994647
-1.03377
0.371572
0.937957
0.581321
0.362433
1.02093
0.134266
0
-1.15519
-1.83599
2.2319
-1.3
-0.729725
-0.714002
0.675568
-0.634126
-0.113416
-0.0466806
0.168052
-0.0169184
-0.00844974
-0.0235166
-0.0837913
0.00282395
-0.474947
0.510327
-0.593444
0.0135212
0.453522
0.580726
0.363566
1.02692
0.126371
0
-1.15329
-1.84025
2.22422
-1.3
-0.723662
-0.730356
0.672667
-0.624215
-0.032734
-0.0136693
0.0559321
-0.155057
0.118479
0.0426691
0.0106588
-0.150925
6.14095e-08
0.11904
-0.169151
-0.0620245
0.110063
0.580406
0.364501
1.02901
0.121533
0.00233515
-1.15288
-1.84199
2.22144
-1.3
-0.724788
-0.731218
0.67049
-0.621429
-0.00380754
0.0112499
0.0183886
-0.0423219
0.015484
0.0038578
-0.034188
-0.0545643
0.23619
-0.0221333
0.00342231
-0.0202793
0.00195797
-28.1017
-20.4597
-0.72484
-11.1513
-21.6541
8.50425
-46.5407
-12.4098
6.18729
-3.55924
-35.5924
-22.8579
6.09278
-20.3671
-57.6111
20.9614
40.8079
46.0176
9.91448
-2.1851
-22.7905
-16.7366
4.10686
-12.1796
-39.2487
13.7117
-33.0544
6.84708
10.861
0.0452985
-27.4242
-15.6468
6.29933
-21.3554
-46.2289
7.61714
30.9571
44.1453
2.7021
-4.50844
-1.04001
-3.11009
5.74143
-16.1787
-59.4032
8.42052
-29.6114
11.7687
5.87354
-2.55276
-15.2778
-4.71903
7.69252
18.8287
-57.9373
24.1117
12.9416
31.2657
3.11695
-5.19258
-19.473
-8.64125
13.8664
19.389
-45.2599
25.2461
-16.3989
16.5508
16.796
3.60272
-60.4658
-28.9492
11.9368
-9.20224
-11.8519
1.81116
26.1069
49.5841
16.9016
5.34811
-9.94771
40.625
-10.0111
34.2884
-10.6671
96.4703
4.33798
21.1864
-135.76
392.211
0
0
-6.01604
89.1948
-6.30967
37.6636
5.29807
231.958
-43.4673
38.3659
-5.73263e-16
316.284
0
0
-6.67361
64.1619
-6.59969
27.9612
-16.185
155.922
1.68055
32.166
-124.037
354.392
0
0
0.00355403
68.6856
-0.0235639
21.7446
-17.0943
130.11
6.05985
51.2817
-9.05996e-17
261.2
0
0
0.0989323
55.6276
-0.0989267
13.4621
0.40162
151.945
-0.40162
82.021
-105.016
300.046
0
0
10.2666
54.3183
10.1151
3.92184
52.084
205.301
48.3168
81.5585
5.23607e-23
206.869
0
0
17.6191
103.607
13.3265
15.8369
53.943
199.561
39.6633
67.8853
-61.2225
246.412
0
0
7.038
123.618
7.90471
48.1356
0.0374612
42.7352
-0.0190927
27.3405
-14.9627
312.438
0
0
