1.88847
0.5393
0.442051
1.1228
-0.120329
0.0282018
-1.03067
-1.97166
2.01726
-1.1684
-1.10859
-0.311093
0.4154
-0.9937
0.481678
-0.783726
-1.4238
2.5241
0.63017
-1.73047
1.88869
2.53511
-3
2.94207
-2.06916
2.26244
2.85662
0.556783
0.405479
1.08963
-0.109817
0.19821
-1.17802
-1.92294
2.1333
-1.29999
-0.874629
-0.607481
0.463649
-0.887754
-0.0244318
-0.134074
0.0261411
0.0389634
1.40943
-0.0166939
-0.0983861
0.206654
-0.487763
0.867214
-1.09862
0.178849
0.392707
0.550191
0.415325
1.10361
-0.157285
0.228654
-1.17498
-1.94948
2.10447
-1.2586
-0.917033
-0.56974
0.472311
-0.881863
-0.177663
0.154103
0.469447
-0.715471
0.068101
0.814805
-1.13788
-0.444278
0.999683
-0.346199
0.148188
-0.100019
-0.870369
0.529982
0.447957
1.1643
-0.284784
0.24334
-1.12286
-2.03386
2.00087
-1.13132
-1.01204
-0.529762
0.475179
-0.878707
0.00490121
-0.374394
-0.729112
0.624812
0.0544431
-0.0473137
0.0354612
0.313888
0.477044
0.428679
0.740759
0.0107603
0.0245852
0.531385
0.44472
1.15129
-0.273189
0.256982
-1.13508
-2.02114
2.01189
-1.14204
-1.02885
-0.485828
0.476946
-0.865246
0.0456161
-0.0119965
-0.00280841
0.00377497
-0.00690356
-0.0326947
0.323789
-0.27828
-0.0715893
-0.0663694
0.121728
-0.933954
0.763897
0.53054
0.446503
1.15063
-0.272617
0.251078
-1.12909
-2.02056
2.00586
-1.13594
-1.04872
-0.455556
0.480395
-0.853643
-0.00323446
0.193846
0.296999
-0.0184472
-0.121982
0.295674
-0.0873694
-0.0223541
0.0307958
-0.0825892
0.112209
0.0514016
0.0232715
0.529197
0.448345
1.15038
-0.277594
0.254467
-1.12726
-2.02178
1.99983
-1.12844
-1.07031
-0.424168
0.494262
-0.850488
-0.00498932
0.00682637
-0.19752
0.594921
0.395959
-0.0178138
-0.00386
0.505646
0.0245211
0.512016
0.297978
0.667367
-0.0184351
0.528727
0.44877
1.14993
-0.280083
0.258459
-1.1283
-2.02214
1.99851
-1.12629
-1.07782
-0.412875
0.498665
-0.8483
-0.000731665
-0.00336263
-0.000711299
-0.00922588
0.00990727
0.0224867
0.0189745
-0.00550078
-0.00409429
-0.0286115
0.0138575
-0.0170116
0.0253457
-11.4435
-4.7551
5.81713
-19.4185
-33.5564
6.49282
3.397
15.4504
-2.46133
-8.25289
-22.1155
-15.8855
7.55958
-21.9756
-75.5871
8.69911
15.9954
39.7916
15.3371
2.1222
-15.7569
-9.39903
3.93044
-10.509
-35.7771
7.12497
22.2908
34.0198
11.5669
1.37759
-11.1863
-7.24546
6.03537
-4.78439
-61.5648
8.49355
34.2621
37.0969
15.6712
5.6433
-21.1143
-14.7707
7.2637
-7.23695
-60.202
8.99143
19.8919
28.5833
16.6876
3.9199
-5.19549
-3.95095
6.80639
-8.9584
-54.2796
9.7142
11.8451
24.3714
23.4743
7.97185
-28.8218
-17.2554
5.497
8.34558
-30.727
8.81068
1.12217
15.478
10.288
1.53673
-15.4894
-10.2055
6.24156
-8.12251
-52.4375
8.21584
21.9686
28.062
15.9751
4.35554
-6.50346
52.6288
-7.2621
0.042865
-32.7595
101.445
13.6249
33.26
-39.6351
274.023
0
0
1.34837
85.6697
-1.34837
34.7339
18.2655
172.288
-18.2655
127.191
-41.726
315.231
0
0
4.23592
41.8208
3.17993
3.99118
6.11275
99.2223
1.68929
59.7712
8.05774e-26
223.8
0
0
1.16844
65.6352
-1.16791
26.3802
6.03145
159.743
-5.55333
114.268
3.62301
212.017
0
0
11.4637
72.4418
8.30234
28.5051
5.69885
157.558
-1.02761
108.947
1.71455e-27
231.21
0
0
0.501585
62.7923
-0.405105
21.0554
3.10929
151.915
0.351687
99.4906
-50.1645
247.765
0
0
7.28577
66.564
7.16992
31.4433
18.5735
102.304
20.8606
72.7663
-30.1557
238.936
0
0
4.52755
63.6027
4.47948
24.1328
1.49902
140.982
0.585207
94.1916
-11.0913
231.357
0
0
2.91614
0.5393
0.442051
1.1228
-0.120329
0.0282018
-1.03067
-1.97166
2.01726
-1.1684
-1.10859
-0.311093
0.4154
-0.9937
0.481678
-0.783726
-1.4238
2.5241
0.63017
-1.73047
1.88869
2.53511
-3
2.94207
-2.06916
2.26244
2.85662
0.554235
0.414868
1.09274
-0.0821793
0.1075
-1.11806
-1.92534
2.10303
-1.27043
-0.937529
-0.51678
0.402075
-0.872497
0.0351579
-0.065229
0.204698
0.0409261
-0.323458
0.116353
-0.298135
0.189987
-0.244895
0.242762
-0.436706
-0.0808225
-0.71929
0.528907
0.454587
1.19364
-0.282674
0.161427
-1.07239
-2.05679
1.97725
-1.1141
-0.971195
-0.629144
0.365813
-1.07337
-0.172439
1.23983
0.292216
-0.969863
0.154659
0.064909
-0.736734
-0.302277
0.754134
-0.30664
-0.125019
-0.440411
-0.543654
0.494215
0.498946
1.27989
-0.492168
0.23385
-1.02158
-2.16452
1.8195
-0.934875
-1.1083
-0.59449
0.352902
-0.985765
-0.0745632
0.103083
-0.215225
-0.479968
0.832809
0.142643
-0.200389
-0.409487
0.292275
-0.592794
0.323142
1.11412
0.257067
0.456424
0.540472
1.35755
-0.676602
0.27327
-0.954218
-2.24498
1.6489
-0.761473
-1.27264
-0.521641
0.385467
-0.878629
-0.17276
-0.181723
0.23866
-0.260546
0.0590656
0.605539
-0.146297
-1.01109
0.41981
-0.365998
-0.14286
-0.175458
1.1669
0.418057
0.578083
1.43436
-0.837162
0.273859
-0.871053
-2.30596
1.46818
-0.596577
-1.43277
-0.463496
0.312381
-0.760342
-0.0914089
0.328938
0.0712113
-0.84841
-0.282157
0.0709921
-0.174215
-0.433278
0.175103
-0.489958
0.333903
-1.22024
-0.0371328
0.401819
0.591742
1.44793
-0.887831
0.282128
-0.842228
-2.31053
1.39322
-0.530621
-1.57924
-0.286736
0.108886
-0.775791
0.0754774
-0.0582234
-0.452496
-0.102391
0.0198804
-0.137538
0.0438737
-0.0192311
0.0953438
-0.211719
0.491411
-0.488538
-0.834481
0.403716
0.589448
1.43832
-0.879252
0.293299
-0.852367
-2.30405
1.4055
-0.539774
-1.60389
-0.228989
-0.0792726
-0.852498
0.00209558
-0.00449351
-0.0146639
0.0230279
0.0269601
-0.0172266
0.0106202
0.0362551
-0.042308
0.0256627
-0.00800958
0.0373206
-0.00657067
-19.5455
-10.226
6.7999
1.08765
-19.3507
14.8792
17.5814
18.0102
0.467782
-4.33221
-46.4024
-20.1859
25.6971
9.62885
-12.7576
21.6854
-52.9823
4.53449
14.7536
-0.36545
-36.959
-13.8554
21.8348
13.4375
-0.0768655
10.0766
-27.5685
11.6909
23.9809
8.89098
-3.49919
-0.351644
10.0939
-4.28599
-23.1862
-2.86435
9.13749
15.6496
7.53898
1.25737
-30.1615
-21.407
11.6294
6.88137
-28.1015
6.37993
-8.729
19.9982
18.207
5.94172
-19.3408
-7.79069
13.224
59.9155
3.71825
22.7237
5.24526
16.7319
8.17633
-1.89433
-31.5703
-18.8154
10.9538
22.3323
-12.0685
8.02625
13.9969
16.84
22.825
9.12303
-16.2922
-10.2454
17.3445
19.3675
0.0403811
11.2429
-7.2891
4.84457
14.3534
2.94564
-130.437
60.9803
133.521
6.28861
-102.996
122.84
102.996
1.02013
-0.0296599
114.036
0
0
66.206
181.399
15.1208
52.0971
-51.3776
149.157
92.8059
3.77233
-159.87
479.986
0
0
139.48
154.698
-74.8547
30.0915
40.3826
68.571
-10.0265
18.9475
-99.3357
308.051
0
0
-102.628
66.6967
106.448
0.2094
52.7248
23.3219
-34.5021
66.3937
-0.18944
111.833
0
0
161.216
116.134
-101.879
75.0881
72.0728
116.165
-69.1441
90.8447
-113.898
335.855
0
0
-60.0083
105.644
84.655
14.2283
20.0501
173.092
57.5312
57.1101
-22.1337
158.604
0
0
32.9071
118.537
-30.1801
51.5375
-31.7924
110.038
40.5936
70.9962
-47.6242
198.253
0
0
12.8279
136.708
51.1223
59.4274
28.4997
97.8605
-11.6693
24.7643
-80.7817
235.506
0
0
2.12238
0.5393
0.442051
1.1228
-0.120329
0.0282018
-1.03067
-1.97166
2.01726
-1.1684
-1.10859
-0.311093
0.4154
-0.9937
0.481678
-0.783726
-1.4238
2.5241
0.63017
-1.73047
1.88869
2.53511
-3
2.94207
-2.06916
2.26244
2.85662
0.557904
0.408187
1.0815
-0.0586556
0.106424
-1.12927
-1.90825
2.12312
-1.29637
-0.915026
-0.532765
0.743435
-0.766665
0.0122166
-0.110768
0.165146
0.0115025
-0.0478941
-0.0940765
-0.165421
0.132276
-0.422044
0.551688
-0.719493
0.379614
0.533233
0.553908
0.411948
1.1223
-0.144329
0.180083
-1.15805
-1.95907
2.11337
-1.27659
-0.836214
-0.707685
0.82382
-0.635075
-0.220961
0.444812
-0.216211
-0.681903
0.550475
-0.121543
-0.260868
-0.117673
0.28438
0.211125
-0.316893
-0.0719075
0.219635
0.546926
0.418761
1.09312
-0.16864
0.258093
-1.18257
-1.94619
2.09483
-1.24177
-0.989284
-0.452317
0.801101
-0.568485
-0.0207217
0.0198014
-0.0847147
0.0722137
0.214634
-0.0361263
0.0813487
0.0892594
-0.23651
-0.515664
1.36432
-0.0749345
0.149583
0.537932
0.432405
1.09788
-0.208668
0.277963
-1.16717
-1.96382
2.0525
-1.18655
-1.15455
-0.216451
0.709688
-0.558916
-0.0428857
0.266543
0.494462
-1.41352
-0.185716
0.730013
-1.57222
-0.977347
0.632956
-0.649396
-0.0306269
-0.843038
-2.56083
0.496065
0.488705
1.21872
-0.468419
0.3374
-1.0877
-2.11759
1.85887
-0.960002
-1.27555
-0.251548
0.454092
-0.997845
-0.267099
0.124097
0.253723
-0.696129
0.244876
0.148451
-0.454646
-0.535268
1.22905
-0.364487
-0.206439
-1.83712
-1.30542
0.460515
0.524251
1.29831
-0.665451
0.415439
-1.0483
-2.21237
1.71665
-0.802599
-1.37606
-0.270284
0.306118
-1.06593
-0.116935
-0.128773
0.722941
0.190561
0.438541
-0.0981515
0.477611
-0.170558
0.463506
-0.0183098
0.067125
-0.405808
-0.223489
0.462056
0.522879
1.29441
-0.656558
0.411895
-1.04975
-2.20796
1.72255
-0.809002
-1.37713
-0.260123
0.189339
-1.12783
0.0058438
-0.00382406
-0.0159802
0.0268335
-0.0168689
0.021368
0.00853495
0.0298206
-0.0390319
0.0264461
-0.0102195
0.0131731
0.0211667
-45.5532
-21.7238
10.2129
-1.5911
-12.3508
9.6907
28.3006
30.2825
1.19212
-5.3213
-81.5962
-42.509
12.1639
-7.19892
-16.7392
11.9473
23.311
49.1187
17.8467
3.93856
-6.07624
-4.25289
1.74424
29.0235
-39.507
24.4875
-37.4742
4.49754
14.6877
5.40163
-31.5347
-20.4326
13.0507
-0.662674
-16.6219
5.91624
22.1113
21.7599
13.9204
4.37625
-72.027
-39.3682
2.09938
-33.8495
-24.3482
-0.336292
42.1644
43.8253
5.05313
-4.57419
-65.7366
-33.603
17.4869
28.4182
11.9766
9.25607
34.2589
25.296
25.5245
13.5621
-42.6292
-28.6318
-5.99285
21.19
-42.0296
4.98229
23.6862
27.9001
18.3674
3.64378
-23.3616
-13.1413
25.6265
14.4142
3.38855
10.8337
-19.9918
-1.255
13.727
2.1156
23.6737
102.672
-23.6787
21.715
-75.7286
81.8286
85.387
9.31603
-0.119399
225.726
0
0
-6.05965
161.176
-33.1888
41.1597
41.1499
107.229
-40.7442
11.1479
-42.6603
421.468
0
0
-4.92318
30.0788
4.92318
9.80547
58.0958
185.539
34.4159
78.7888
-96.2549
276.933
0
0
18.4489
103.286
43.2415
73.4471
2.98498
70.6958
-2.98498
28.2957
-0.709954
89.0284
0
0
-7.88346
81.792
7.88346
53.3566
-34.1647
54.6876
18.6989
34.4217
-8.59954
530.529
0
0
-38.4905
190.901
-22.1838
31.3314
-14.5099
46.7628
14.5099
5.80886
-2.58096
79.3072
0
0
59.7684
18.5929
-59.7684
63.555
50.5525
124.323
28.7415
158.757
-15.977
299.516
0
0
17.4831
175.075
51.3196
29.419
36.6001
74.7943
-11.9208
7.87324
-93.4852
267.103
0
0
1.72656
0.5393
0.442051
1.1228
-0.120329
0.0282018
-1.03067
-1.97166
2.01726
-1.1684
-1.10859
-0.311093
0.4154
-0.9937
0.481678
-0.783726
-1.4238
2.5241
0.63017
-1.73047
1.88869
2.53511
-3
2.94207
-2.06916
2.26244
2.85662
0.558895
0.407783
1.06596
-0.0157816
0.0542837
-1.10447
-1.88966
2.12368
-1.29999
-0.966008
-0.434555
0.435763
-0.867642
0.0183571
-0.0937348
0.0371328
0.22625
0.0609722
-0.263516
-0.15433
0.430038
-0.533487
0.578061
-0.500369
0.0825491
0.511077
0.549133
0.425314
1.10337
-0.0831346
0.0524164
-1.07265
-1.9415
2.07039
-1.23226
-0.998041
-0.443426
0.43952
-0.858741
-0.0679005
1.04238
0.153016
-0.528742
-0.00886391
0.532268
-0.220537
-0.235408
0.278346
-0.306857
-0.0297774
0.0105578
-0.171926
0.537992
0.443897
1.13465
-0.146627
0.0501455
-1.03817
-1.98514
2.01138
-1.16089
-1.07006
-0.387369
0.441539
-0.852718
0.0773117
-0.0557912
-0.77063
-0.120335
-0.0151619
-0.563361
-0.145591
-0.239885
0.299489
-0.111991
0.617171
0.00218996
0.0812896
0.525422
0.463359
1.16914
-0.213977
0.0445483
-0.999715
-2.02944
1.94656
-1.08627
-1.14459
-0.335294
0.439603
-0.841231
-0.186486
0.183368
0.292376
-0.621228
-0.162824
0.755437
-0.553063
-0.849971
0.900397
-0.320524
0.18995
-0.229753
0.0457906
0.481314
0.521687
1.29357
-0.43178
0.00614981
-0.867941
-2.16526
1.72972
-0.858035
-1.28219
-0.364538
0.440028
-0.837098
-0.178639
0.595232
0.71352
-0.890522
-0.00108416
0.308452
-0.193832
-0.909296
1.09092
-0.669581
-0.363363
0.0532441
0.0116163
0.469555
0.535118
1.32511
-0.489254
0.00308471
-0.838944
-2.19568
1.67383
-0.803265
-1.30804
-0.390905
0.441804
-0.835264
-0.019725
0.0261295
0.00308216
-0.227378
-0.0810989
0.0547531
-0.0808656
-0.219387
0.0261016
-0.0984347
-0.106873
-0.18748
-0.0829043
0.468922
0.535819
1.32586
-0.491525
0.0032184
-0.837558
-2.19633
1.67084
-0.800371
-1.3138
-0.384171
0.441601
-0.840501
0.00577353
-0.00304352
-0.000687063
0.0110096
0.00487589
-0.0116225
0.00186913
0.0157543
-0.00869386
0.00195185
0.0341475
0.0226447
-0.0190956
-5.23295
-1.64633
0.756369
-10.655
-4.20671
-0.979968
5.89082
8.10705
-10.8691
-8.99996
-74.0918
-43.0981
11.7239
64.3404
-44.6722
61.0256
-52.3998
0.550212
22.1752
1.41982
-13.0808
-7.20891
-0.816435
35.0468
-34.126
28.8195
0.408247
10.9479
19.1039
6.67571
-6.12235
-6.81748
-1.08102
-5.34698
-17.7737
10.6085
5.63334
10.9849
-3.93064
-4.5577
-81.7883
-39.1455
21.1309
-6.72045
-27.6836
19.9242
49.4113
49.903
39.8096
16.2326
-42.8608
-18.5375
9.01443
-16.8981
-14.3258
-4.43666
58.8322
48.9182
1.38619
-3.23206
-73.3251
-35.5203
10.2155
-7.49888
-2.69226
-2.06919
47.6109
47.828
18.3467
6.14127
-87.097
-45.8975
2.91704
20.021
-2.51217
8.92777
54.0732
49.5857
16.2812
4.85559
0.0557171
6.35939
-0.218444
0.0303562
-269.654
0.100566
269.656
0.0171568
-0.000198308
67.9675
0
0
2.49309
176.708
-71.8589
30.6692
205.931
396.227
-54.8579
35.412
-176.787
505.883
0
0
45.2917
15.3098
-52.7757
17.144
42.9263
202.608
46.4558
52.7693
-6.77612
161.344
0
0
123.721
7.30356
-127.03
13.4569
41.4072
97.7897
-41.4072
0.173722
-29.4629
120.537
0
0
71.5469
220.876
-71.5469
72.8969
24.015
194.525
-87.8183
0.647385
-1.365e-18
392.021
0
0
23.3678
94.6856
-13.6231
24.4648
35.7032
8.85123
-35.7032
40.0932
48.2802
206.809
0
0
-3.85301
143.86
3.85301
80.6307
-11.6012
5.42585
12.7926
30.4532
0.789481
288.78
0
0
-42.7417
118.567
-18.0938
56.2406
-1.74666
74.0273
42.0177
41.5654
20.5648
263.866
0
0
2.0029
0.5393
0.442051
1.1228
-0.120329
0.0282018
-1.03067
-1.97166
2.01726
-1.1684
-1.10859
-0.311093
0.4154
-0.9937
0.481678
-0.783726
-1.4238
2.5241
0.63017
-1.73047
1.88869
2.53511
-3
2.94207
-2.06916
2.26244
2.85662
0.557636
0.406411
1.11088
-0.11102
0.156815
-1.15668
-1.9403
2.12942
-1.3
-0.822948
-0.708246
0.402223
-0.973292
-0.0627307
-0.122463
0.687459
0.0325352
0.251138
-0.440375
-0.820113
0.391989
-0.459924
0.941523
-1.38802
-0.0765827
0.0713247
0.539687
0.438777
1.26801
-0.313681
0.133694
-1.08803
-2.11999
2.02876
-1.17678
-0.727172
-1.06999
0.376806
-0.978497
-0.0580639
0.222908
0.531059
-0.921181
-0.0808073
0.396622
-0.625026
-0.3846
0.443338
0.28913
-0.429185
-0.125627
-1.36843
0.527879
0.45708
1.27134
-0.353822
0.140137
-1.05766
-2.13387
1.96859
-1.10607
-0.824765
-0.951494
0.34086
-0.964889
-0.0364645
-0.161209
-0.770493
0.0130491
0.212082
0.0532088
0.196361
-0.207663
0.25744
-0.341084
1.143
0.702518
0.125468
0.514107
0.475396
1.23562
-0.373556
0.180365
-1.04243
-2.10892
1.9057
-1.0324
-1.02641
-0.624448
0.311043
-0.92899
-0.235581
0.199064
0.234844
-0.111262
0.0970507
0.621403
-0.428057
-1.1328
0.560625
-1.34223
1.58328
-0.154446
0.831884
0.445101
0.557984
1.37644
-0.669263
0.157457
-0.86463
-2.2469
1.57068
-0.700216
-1.38655
-0.391332
0.266851
-0.942191
-0.388809
0.488899
1.02203
-1.17016
-0.129775
0.557609
-0.483015
-1.76182
1.16097
-0.715667
0.510143
-0.41437
-0.0886452
0.39384
0.602847
1.47694
-0.891817
0.191088
-0.776209
-2.32119
1.33298
-0.488731
-1.58681
-0.336543
0.244999
-0.967555
-0.179153
0.155041
0.317581
-0.734405
0.117544
-0.0012164
-0.166531
-0.830733
0.739123
0.00895192
-0.0413039
0.0556709
-0.180129
0.391885
0.604725
1.48139
-0.89656
0.183332
-0.768157
-2.32325
1.32201
-0.480141
-1.59426
-0.335969
0.254422
-0.997861
0.00684513
-0.00376698
-0.0060561
0.0265682
-0.0271061
0.028143
0.0284628
-0.019587
-0.00218346
-0.0309497
0.0611667
0.0329324
-0.0366558
-50.464
-26.8203
9.32927
-5.62536
5.79472
0.141932
-25.7363
-1.23016
3.68251
-3.67284
-21.2143
-12.5801
11.6396
7.69494
-47.1623
14.8445
-31.8146
14.3711
8.2857
-3.11168
-12.6128
-7.68199
2.69421
27.7938
-31.5929
16.8281
-29.6532
20.3164
18.0742
4.71817
-8.88034
-4.70126
10.3982
11.689
-27.2761
11.2988
-33.5002
14.6835
19.4084
7.94739
-0.661276
-5.05487
6.86868
1.87324
-64.286
11.3045
-8.91821
12.9887
13.9593
2.52914
-26.1338
-12.7787
7.11901
31.0151
-5.45349
9.43438
-14.5373
3.5164
15.7392
3.74123
-25.744
-15.8188
12.2365
-0.0322841
-4.62075
1.72282
32.4821
33.384
13.3293
2.65349
-29.5633
-17.4848
4.8484
24.1941
-21.7831
6.10344
30.0789
29.2514
15.5785
4.08397
17.1004
108.875
-11.8893
50.0036
-52.3469
2.02593
52.3469
0
-105.392
301.12
0
0
9.15066
91.1163
37.2222
45.252
48.6706
142.013
30.285
100.892
-107.462
318.116
0
0
16.2787
35.5227
-15.2537
3.30993
33.9327
136.678
41.4489
82.5216
-92.406
266.614
0
0
4.81528
78.4571
31.7862
36.5413
30.6127
111.222
29.2392
68.7375
-90.3273
259.415
0
0
15.0301
64.4785
-14.3786
19.6212
13.7314
182.695
-13.1437
126.324
-76.3745
219.775
0
0
2.3302
75.3618
32.4621
40.9114
39.9642
92.4836
12.727
72.0327
-84.4578
241.745
0
0
50.842
122.947
22.7937
107.302
0.422529
44.5374
-0.187454
35.7877
-8.77357
219.866
0
0
-13.4597
78.5908
13.8568
48.1895
9.32354
127.898
3.22229
109.422
-12.9432
190.165
0
0
2.12165
0.5393
0.442051
1.1228
-0.120329
0.0282018
-1.03067
-1.97166
2.01726
-1.1684
-1.10859
-0.311093
0.4154
-0.9937
0.481678
-0.783726
-1.4238
2.5241
0.63017
-1.73047
1.88869
2.53511
-3
2.94207
-2.06916
2.26244
2.85662
0.557678
0.406465
1.09469
-0.0937641
0.1546
-1.15553
-1.92391
2.1292
-1.29998
-0.8644
-0.626504
0.669954
-0.866098
0.0600783
-0.115844
0.068909
-0.174796
-0.0603978
-0.16322
-0.317169
0.362729
-0.432346
0.608467
-1.04057
-0.129465
0.420941
0.548097
0.417232
1.17179
-0.241186
0.25176
-1.18237
-2.02265
2.09935
-1.24849
-0.773328
-0.872008
0.628098
-0.888749
-0.102444
0.2459
0.281731
-0.989541
0.607907
0.070209
-1.17092
-0.102355
0.379609
-0.320614
-0.618329
-0.247925
-0.0747695
0.516477
0.457512
1.2449
-0.450695
0.366003
-1.16021
-2.14059
1.97149
-1.0758
-0.901808
-0.827788
0.550327
-0.969026
-0.134327
0.122489
-0.588585
0.208035
0.221072
0.222434
0.0636826
-0.623209
1.1579
-0.47666
0.447405
-0.334399
-0.35004
0.468387
0.513538
1.32089
-0.675638
0.432354
-1.0776
-2.23976
1.7613
-0.842433
-1.16364
-0.620177
0.440925
-1.08063
-0.247422
0.457317
0.62288
-1.36658
0.218939
0.316546
-0.394158
-0.855752
0.7693
-2.04531
1.33127
-1.99664
-0.580965
0.412335
0.564391
1.41268
-0.919765
0.49804
-0.990956
-2.32902
1.52561
-0.609264
-1.4261
-0.457758
0.143145
-1.25673
-0.0957905
0.100854
0.0854199
-0.769588
-0.167344
0.189079
-0.202686
-0.720127
0.636314
-0.844019
0.230265
-0.982283
-1.53335
0.400366
0.581718
1.43799
-0.943957
0.431109
-0.925146
-2.32976
1.43889
-0.547122
-1.5277
-0.358886
-0.0285247
-1.48104
-0.0337858
0.0563455
-0.526741
0.188868
-0.29758
0.376658
0.492114
-0.0909906
0.200995
-0.114164
0.326179
-0.233884
-0.739654
0.401387
0.584305
1.4364
-0.924007
0.391531
-0.903927
-2.31965
1.42775
-0.544507
-1.55977
-0.302472
-0.0994234
-1.63786
0.0051211
-0.00136936
0.00181846
0.00620331
0.00240192
-0.00372656
0.000885515
0.0128801
-0.0327783
-0.00498842
0.0244657
0.0249287
-0.00341436
-30.0907
-17.0458
-0.342601
-11.7466
-12.6119
5.24479
13.1011
19.9478
-5.25377
-8.91391
-54.5238
-34.9746
2.07348
45.9777
-38.5423
43.7519
-34.4466
10.5148
18.6262
4.10466
0.442738
-0.566636
-0.960113
14.4969
-29.2378
16.2157
-25.2555
8.27813
14.9123
5.1747
-29.2307
-17.0989
29.2726
7.18627
-15.566
10.758
-29.0752
27.5333
11.647
0.41813
-14.5054
-7.89291
5.04301
21.3579
-28.5438
10.1908
11.3276
13.5648
12.053
3.49709
-24.5247
-20.8429
18.2784
23.2789
0.89117
3.80093
-13.4474
16.6353
16.3445
-0.0980835
-11.5725
-15.3077
4.23979
8.67987
-17.5677
1.77042
1.75544
11.1414
16.2217
5.10801
-16.8766
-10.1751
24.6941
16.1755
3.45364
7.29851
-7.35051
8.11672
9.53353
-1.80465
32.9886
28.2067
-38.8504
21.5292
-96.9702
55.7891
97.0305
4.95325
-14.4635
236.145
0
0
1.52739
94.3934
-42.3829
60.5287
57.3867
290.205
58.3658
40.549
-119.042
341.174
0
0
17.844
2.87242
-17.844
7.31608
59.3675
128.238
3.5703
51.6837
-61.7321
196.119
0
0
48.4959
195.839
32.9981
37.0216
-31.592
103.095
32.0144
35.7632
-130.932
374.183
0
0
-13.1791
55.0552
13.1821
6.89088
66.8271
125.023
-16.8207
91.0637
-1.22393
86.6479
0
0
22.8791
143.295
51.9595
70.5599
81.3946
48.1603
-41.4616
65.9926
-121.3
347.685
0
0
22.7974
63.6713
31.8941
94.0833
-219.035
73.923
226.203
81.1163
-62.2131
178.41
0
0
114.392
177.48
-50.7172
36.6219
628.879
62.6085
-604.945
27.2475
-87.6078
250.308
0
0
