3.02439
-0.0464
0.746369
-0.169224
0.0257755
0.185874
-0.0424254
-1.0044
0.1504
0.2794
-0.6654
-0.6273
0.6999
-0.2915
1.89612
0.108909
1.83794
1.31265
-0.432167
-2.71842
-0.891093
2.2443
-1.2768
1.11607
-1.84407
-1.14485
-1.22711
-0.174544
0.737653
0.238602
-0.482319
0.00652194
0.171784
-1.14222
1.12006
-0.251423
0.519994
-1.42404
0.816168
-0.192206
0.381295
-0.0199967
4.04241
-1.17617
-0.247361
1.10758
-0.320324
-1.43409
-2.21012
2.74326
-3
2.45758
0.229088
-0.126777
0.739982
0.807736
-0.985184
0.00514832
0.172683
0.153946
0.61418
-0.232137
1.047
-2.35701
1.047
-0.0929117
0.110311
0.00445878
1.31702
0.0155096
0.0986277
-0.157258
3
0.415003
1.46684
1.219
-1.71095
0.53346
3
-0.104724
0.742719
0.929941
-1.13336
0.126189
0.0749344
0.733
0.793081
0.261712
1.04126
-1.6368
0.589004
-0.0946995
-0.128505
0.056183
0.282195
-0.343623
0.8567
-0.577594
1.34042
2.96308
1.14195
-0.0129015
1.66922
-1.56667
-0.0030974
-0.091309
0.731956
0.82367
-1.15243
0.413089
-0.0843229
0.507345
1.95337
0.209686
0.946001
-0.649231
0.0237884
-0.364987
0.0683913
-0.0254864
-0.941811
0.926038
0.56679
-0.291584
-1.05
2.31375
-0.386289
-0.809727
2.68765
-0.819287
-0.651793
-0.0356016
0.689148
0.356551
-0.832176
0.877226
-0.401604
0.0861141
2.36897
0.206588
0.350019
-0.428461
-0.288017
-0.535857
0.178311
-0.210462
-1.19468
0.569535
1.42561
-0.966118
-0.184836
-0.753454
0.63966
-1.3829
0.505164
0.918039
1.5405
0.0242004
0.598068
0.258188
-0.879548
1.39666
-0.775302
0.0343833
2.17067
0.387573
-0.018521
-0.701513
0.117272
-0.519291
0.0190749
-0.34029
-0.0837999
-0.378677
0.586633
-0.280985
0.724868
-1.08005
0.339822
-0.224957
-1.22554
1.97098
-0.168668
-0.00983642
0.550261
0.323332
-1.12255
1.62055
-0.821341
0.234172
2.10737
0.384532
-0.203291
-1.08101
0.606397
-0.771442
-0.172532
0.0563004
0.338756
-0.797754
0.410042
-0.0537935
0.0930497
0.269099
-0.290587
-0.740279
-0.3038
0.147271
-0.853477
-24.7503
-3.0438
48.4419
-10.5328
-3.34158
-0.380115
7.21231
4.92017
29.7547
14.8036
33.5547
55.4069
76.9641
-6.54433
6.99665
0.18335
-0.40893
-7.9017
17.5124
9.16695
100
89.3068
71.4259
41.3996
23.732
3.91637
0.720637
-4.96056
-7.37217
-9.06878
96.9084
69.317
55.5924
-8.00006
-4.35363
-1.59775
20.5965
9.01013
13.1483
1.88569
90.4661
36.4758
58.5248
13.0972
-7.36446
-1.57186
5.57568
-2.964
17.0036
5.72618
1.48871
-51.3527
-0.0608668
12.6339
2.22409
0.497747
9.22048
1.52954
9.34511
5.03907
17.4768
-94.1708
48.604
17.7203
10.4238
1.14136
1.97976
-1.48214
-4.41819
-6.86224
24.5976
-91.0214
34.3034
14.9022
4.55127
0.33733
-3.66258
-5.57176
10.437
1.08408
1793.46
501.455
-1962.28
7.14568e-15
0
-9.89066e-14
1.01094e-13
0
0
0
0
0
-2261.57
471.335
2095.85
2.13923
0
-5.42402e-15
1.36639e-13
0
0
0
0
0
4110.08
610.034
-4111.23
9.28181
-6.5337e-16
-8.31995e-16
0
0
0
0
0
0
-3695.04
441.363
3693.98
22.801
-8.85273e-14
2.30834e-15
7.5798e-14
1.51646e-13
0
0
0
0
1348.54
546.72
-1351.99
82.3545
0
3.87007e-14
0
-8.05141e-15
0
0
0
0
-1169.04
188.097
1168.64
230.664
-1.82271e-16
2.5836e-14
0
5.95154e-15
0
0
0
0
1552.99
507.853
-1557.49
139.94
-2.19166e-13
-1.00331e-17
-8.32745e-17
8.66028e-15
0
0
0
0
-535.401
399.332
534.582
153.426
0
0
0
0
0
0
0
0
