1.32577
-0.0464
0.746369
-0.169224
0.0257755
0.185874
-0.0424254
-1.0044
0.1504
0.2794
-0.6654
-0.6273
0.6999
-0.2915
1.89612
0.108909
1.83794
1.31265
-0.432167
-2.71842
-0.891093
2.2443
-1.2768
1.11607
-1.84407
-1.14485
-1.22711
-0.032103
0.756569
-0.17848
0.0664635
0.202453
-0.199104
-0.825081
0.57546
0.0832975
-0.153456
-0.674727
0.839782
-0.173019
2.32724
-0.45063
-0.0516492
0.212023
0.517535
-0.824463
0.950121
1.51745
0.428552
2.70627
-0.245512
0.74149
0.634612
-0.0287925
0.741068
-0.220895
0.0549689
0.290055
-0.140389
-0.332407
1.14205
0.179163
0.414157
-0.549655
1.00437
-0.0537863
1.85862
-0.00416219
-0.227958
-0.0580641
0.0941218
0.314423
2.68181
2.99736
1.92148
2.99695
0.4149
1.58896
1.34791
-0.0457021
0.741671
-0.247843
0.0434743
0.30899
-0.104219
0.191169
1.54428
0.533752
0.769279
-0.456678
1.03677
4.35917e-15
0.868839
0.0955941
0.737919
-0.934343
0.0871767
0.187104
2.76214
2.11606
2.13594
1.39102
0.452436
0.174473
0.272174
-0.00724361
0.743836
-0.107872
-0.0242211
0.284501
-0.152408
0.687685
1.65353
0.732202
0.8733
-0.333038
1.01955
6.0178e-15
0.220038
-0.000555891
1.093
-0.218352
-0.17589
-0.313805
1.24351
0.5499
0.452862
0.544884
0.692691
-1.43141
-0.00159545
0.0472628
0.743868
0.0991536
-0.107171
0.205106
-0.197746
0.731414
1.75642
0.653292
0.96015
-0.201084
0.75318
0
-0.320275
0.324091
1.28759
0.0326164
-0.410299
-0.233815
0.209993
1.47171
-0.404179
0.454461
1.52165
-1.27385
0.0524725
-0.012398
0.749511
0.235637
-0.296484
0.125711
-0.0647712
0.730943
1.98232
0.427308
1.047
-0.0309831
0.627349
-0.0114741
-0.317616
0.0294492
0.704975
-0.996601
-0.406062
0.714868
-0.0575863
1.19267
-1.27176
0.483179
0.7966
-0.545187
-0.0533798
-0.0723646
0.748838
0.371515
-0.48862
0.0537897
0.063315
0.723387
2.18713
0.0678758
1.00582
-0.0502888
0.523786
-0.0229482
-0.346787
-0.178023
0.697472
-1.44872
-0.0403097
0.671571
-0.742608
0.20389
-1.87454
-0.234967
-0.139339
-0.468992
-0.0355891
33.5582
37.2666
48.8213
-28.5511
-11.0391
-1.23281
2.041
2.59931
15.6766
8.43875
30.5943
47.4085
75.8998
-18.8955
-4.69573
-0.265312
-0.742838
-1.43648
18.1954
9.17725
-91.1983
-47.8247
98.5259
42.2347
39.3174
7.75428
7.67105
-0.824163
32.8697
12.1851
32.5797
17.6998
27.67
-22.9039
-4.9248
-1.34298
-1.59548
-4.47148
-13.7384
-11.0584
-51.4738
-26.6767
73.9198
24.5049
4.13088
-0.949853
20.5835
7.70557
24.0274
9.68062
-2.64846
15.1511
59.1337
14.1665
8.86883
1.25857
20.6072
8.02136
16.224
5.4091
19.6558
26.3363
44.9145
-1.54249
-10.7517
-3.0199
-4.65574
-7.25517
12.2202
4.43111
5.80885
-12.0932
-22.2341
16.3188
-1.68619
-0.0811444
17.2943
5.83462
14.3644
4.79364
-1159.5
394.453
1175.74
7.47531e-14
0
0
0
0
0
0
0
0
-1270.53
362.997
1270.53
1.15325e-16
0
1.76538e-14
0
1.16294e-17
0
0
0
0
-601.459
1049.05
230.24
11.5733
0
2.65144e-21
0
-7.26222e-16
0
0
0
0
-389.407
234.579
389.407
-2.4089e-16
0
0
5.69143e-14
1.69047e-14
0
0
0
0
-22.2168
772.251
-248.071
2.50479e-16
0
-1.32294e-14
0
-5.33545e-15
0
0
0
0
-57.1323
496.634
57.1318
-1.10283e-16
0
0
0
8.17342e-18
0
0
0
0
-36.1311
387.049
19.1372
11.0141
0
0
2.05579e-13
1.892e-14
0
0
0
0
27.2968
148.313
-28.1141
404.913
0
-2.38678e-15
0
0
0
0
0
0
