1.11121
-0.0464
0.746369
-0.169224
0.0257755
0.185874
-0.0424254
-1.0044
0.1504
0.2794
-0.6654
-0.6273
0.6999
-0.2915
1.89612
0.108909
1.83794
1.31265
-0.432167
-2.71842
-0.891093
2.2443
-1.2768
1.11607
-1.84407
-1.14485
-1.22711
0.0354041
0.751863
-0.112396
0.123968
0.148428
-0.222184
-0.916675
0.620012
0.271611
-0.243426
-0.675622
0.713512
-0.24032
2.17259
-0.0594071
0.357944
0.619234
0.265727
-1.1311
0.550879
2.95895
0.097424
2.65941
-0.303047
0.082577
0.323645
-0.0470274
0.742464
-0.241508
0.0547874
0.291723
-0.178881
-0.725805
1.08962
0.458167
0.187976
-0.655271
0.732757
-0.138829
2.23291
-0.909346
-0.813947
-0.436036
1.02425
0.307598
1.10517
2.60247
1.28183
2.71635
0.277936
0.117571
0.641216
-0.0712659
0.73534
-0.345653
0.0625263
0.385543
-0.102196
-0.534755
1.49584
0.587464
0.613145
-0.634921
0.781638
-0.036387
1.23344
-0.0445828
-0.166656
0.0571018
0.00279574
0.687311
-0.204514
1.3324
0.495493
1.84887
-0.644832
-1.36043
-0.543207
0.00315339
0.737814
-0.340159
0.174864
0.383206
-0.216973
-0.53722
1.67601
0.671862
0.714211
-0.614208
0.595955
-0.122657
0.465574
0.864956
0.0952065
1.33668
-0.0724923
-0.891072
0.0738898
0.213398
0.173706
0.400229
0.551978
-1.17693
-0.715572
0.089025
0.733544
-0.35972
0.360697
0.319891
-0.321612
-0.443578
1.71098
0.680218
0.769581
-0.491054
0.4616
-0.151112
0.421593
-0.0236847
-0.126562
1.41598
-0.413166
-0.7263
1.07083
-0.521355
-0.0653097
0.310108
1.16737
-0.750394
0.513931
0.150213
0.723788
-0.370771
0.501225
0.253121
-0.383575
-0.26931
1.61816
0.667948
0.819138
-0.381455
0.354564
-0.0708485
0.256833
-0.222222
-0.00471672
0.675675
-0.416973
-0.0880275
1.4273
-1.1215
-0.318434
0.404002
0.450294
-0.473327
0.489208
0.191872
0.714296
-0.371722
0.603184
0.183141
-0.41477
-0.0752819
1.44372
0.619324
0.837657
-0.391622
0.289354
-0.0870215
0.213249
0.0361344
-0.104792
0.355282
-0.612804
-0.407238
1.15245
-1.04472
-0.121962
0.116347
-0.110767
-0.222402
-0.193508
45.3813
48.4766
76.0047
-35.7435
-12.1405
-1.28289
-5.99635
-1.22991
13.7721
5.6907
17.4329
56.5994
100
-5.32105
4.7279
1.97406
8.79935
4.30499
18.8562
10.0101
79.7112
82.8121
99.9007
-35.6106
-13.558
-2.14258
-15.5057
-12.104
-17.3312
-12.6132
-97.0345
-98.7367
99.9851
1.88913
23.3283
3.24161
14.1427
-1.9067
29.7378
8.05334
-0.621292
0.154839
22.9669
-5.98433
1.58725
0.587998
-3.24909
-1.66157
8.96288
5.3043
-40.8422
-21.251
24.0733
9.71559
5.12999
0.261357
10.3246
3.92019
11.4776
7.24472
-48.4918
-7.84752
87.4508
-6.68355
11.1703
2.06651
-2.31044
-6.46165
-2.55898
-3.5928
-57.8801
-20.0082
49.7912
1.64933
9.72726
1.69642
5.71787
0.493605
-1.78625
-0.96947
-3386.25
642.69
3383.6
3.72671e-16
0
0
0
0
0
0
0
0
-4678.13
319.189
4623.99
0.146453
9.49145e-15
-2.79371e-15
1.12069e-15
0
0
0
0
0
-4456.46
209.924
4453.29
0.66736
-1.87935e-13
-1.42528e-13
-1.80403e-13
-1.272e-23
0
0
0
0
-2229.3
1357.39
1685.28
196.961
7.91879e-16
3.47366e-16
0
-8.31776e-22
0
0
0
0
-824.118
210.137
824.118
-5.98071e-16
-4.32629e-16
0
0
-1.11582e-20
0
0
0
0
388.568
247.576
-475.225
0.0154922
-1.86866e-13
0
0
0
0
0
0
0
-614.307
727.73
605.424
0.642703
-5.41487e-15
-2.75585e-15
0
0
0
0
0
0
878.294
469.95
-880.989
84.6168
1.1568e-15
0
0
0
0
0
0
0
