0.250511
0.2867
0.663014
0.181314
0.117592
0.382494
-0.6814
-0.926578
0.673732
0.0715326
-0.5645
-0.9689
0.5879
-0.3992
0.576815
-0.101542
2.29649
0.0485529
-2.94535
0.600302
-2.9993
3
-2.29719
2.94031
2.40871
0.369082
1.53357
0.306211
0.658087
0.251468
0.125104
0.287851
-0.664293
-1.02259
0.778491
-0.00740091
-0.459749
-0.889684
0.593975
-0.349279
0.528124
-0.158246
2.35604
-0.160326
-2.67718
0.340439
-2.9873
2.9255
-2.25363
2.67251
2.15587
0.164974
1.38234
0.325108
0.650762
0.33108
0.118525
0.203808
-0.653383
-1.12908
0.882627
-0.0846474
-0.373139
-0.82
0.598262
-0.304334
0.540087
-0.194836
2.21762
-0.390716
-2.40888
0.0857892
-2.97938
2.85064
-2.15305
2.4054
1.88966
0.114656
1.24787
0.343553
0.641119
0.409065
0.104542
0.139809
-0.653277
-1.23502
0.987163
-0.161224
-0.296277
-0.760201
0.602141
-0.261629
0.511707
-0.275191
2.19908
-0.635183
-2.14098
-0.175586
-2.96457
2.93923
-2.13408
2.13758
1.62442
0.108379
1.09663
0.361876
0.629595
0.486822
0.0819828
0.0961469
-0.664952
-1.34016
1.09073
-0.237427
-0.228849
-0.709779
0.60147
-0.231202
0.496575
-0.335687
2.16692
-0.628952
-1.87284
-0.433254
-2.88345
2.84929
-2.04642
1.87403
1.36611
-0.0194814
0.84269
0.380951
0.616095
0.563158
0.0597366
0.0599225
-0.682916
-1.44279
1.19573
-0.316078
-0.170974
-0.667623
0.601078
-0.209051
0.539447
-0.415943
1.95092
-0.470615
-1.60493
-0.693716
-2.76532
2.95482
-2.25909
1.60851
1.09867
0.0331465
0.611977
0.400818
0.600555
0.632127
0.0435569
0.0319782
-0.707746
-1.53646
1.30226
-0.397919
-0.122411
-0.636437
0.602442
-0.194855
0.570454
-0.471523
1.70372
-0.308432
-1.33803
-0.690852
-2.51708
2.97733
-2.34129
1.35046
0.832765
0.180604
0.393395
0.421068
0.583207
0.692461
0.0402176
0
-0.732554
-1.61913
1.40838
-0.481649
-0.0835197
-0.610286
0.605477
-0.188009
0.583327
-0.30374
1.52633
-0.047487
-1.07055
-0.426326
-2.28461
2.8934
-2.28084
1.08514
0.652022
0.0845668
0.19106
10.0933
4.3583
2.98034
37.7642
-11.2996
15.8368
-6.638
-11.0833
4.05564
-0.482482
-16.6549
-7.26258
1.95861
92.3959
8.12123
15.8294
-16.652
-17.5149
-5.55157
-7.51587
-19.6366
-6.93913
3.65758
99.5105
15.4782
34.6848
-17.5845
-17.9219
9.63448
1.5234
13.454
5.9851
1.3615
36.8208
-20.0514
19.1303
-6.57676
-9.43284
1.63947
-2.13267
12.6953
4.57823
0.943356
78.9021
-21.9522
21.9077
-15.9189
-16.4305
-2.27858
-6.50047
0.356146
1.54273
2.03688
71.1148
-2.07204
30.9446
-15.4016
-14.787
7.99523
0.728836
24.2294
10.9819
2.99924
95.3357
-39.6618
49.2306
-12.1646
-14.8097
9.36496
-1.07952
39.5345
20.7479
15.6373
88.2324
-82.0315
26.6794
-56.0995
-29.9819
15.5791
0.528929
-3.9649
29.561
-6.67412
1.73383
-62.8747
284.165
-64.7309
80.4226
0
0
0
0
5.29398
39.968
-9.04439
11.7214
-8.67925
282.863
-5.87827
173.986
0
0
0
0
-5.4864
46.0564
5.4864
0.872719
-4.30418
364.409
-1.61847
90.2632
0
0
0
0
-7.2171
10.8892
10.2464
2.41465
-50.9906
266.362
-47.0731
62.2983
0
0
0
0
8.69409
17.8396
8.05425
30.3241
-2.89218
332.536
0.352434
174.502
0
0
0
0
16.4349
19.1619
-10.3842
1.11905
-5.26403
292.376
-2.98655
47.0732
0
0
0
0
0.616339
12.4267
2.86472
0.437349
-19.0327
524.137
-20.074
114.306
0
0
0
0
3.61109
91.1561
32.0308
10.6778
-7.02582
459.686
-2.28935
300.869
-54.8585
171.503
0
0
