1.51713
-0.0464
0.746369
-0.169224
0.0257755
0.185874
-0.0424254
-1.0044
0.1504
0.2794
-0.6654
-0.6273
0.6999
-0.2915
1.89612
0.108909
1.83794
1.31265
-0.432167
-2.71842
-0.891093
2.2443
-1.2768
1.11607
-1.84407
-1.14485
-1.22711
-0.0251166
0.750715
-0.246747
0.134424
0.209524
-0.165044
-0.76935
0.791854
0.00267838
-0.22588
-0.581319
0.625141
-0.37996
2.24989
-0.114775
-0.279253
0.501313
0.350152
-0.565692
1.08456
2.95967
-1.33841
2.02826
0.212341
-0.344596
-0.407782
-0.0303104
0.737954
-0.322261
0.15763
0.289875
-0.165521
-0.443325
1.43899
0.11371
0.213641
-0.535337
0.588687
-0.428077
1.62549
-0.0586865
-0.348479
0.0420359
0.37071
0.0039238
1.50461
2.98588
0.512296
1.16359
-0.0380497
-0.168019
-0.221768
0.00767587
0.74028
-0.282245
0.163704
0.309467
-0.209512
-0.0704775
1.97024
0.233706
0.412122
-0.452527
0.55276
-0.266735
0.447338
0.138039
1.20352
-1.00202
0.0746939
-0.214835
1.72045
1.43079
1.18557
-0.671234
0.397826
-0.16592
1.06075
0.0101152
0.740635
-0.00642989
-0.117974
0.324825
-0.205662
0.303247
2.01803
0.377811
-0.0101984
-0.388701
0.518608
-0.134299
-0.156882
-4.41432e-06
1.66516
-1.48869
-0.0110113
0.0251037
1.80411
-0.129585
0.648351
-2.24963
0.237537
-0.142325
0.608906
-0.0168817
0.734885
0.204305
-0.425517
0.432444
-0.211034
0.552225
2.12362
0.520929
-0.494886
-0.425606
0.497942
-0.130561
-0.157904
-0.0425075
0.801064
-1.18009
0.503885
-0.0328589
0.00888723
1.06654
1.01219
-2.16381
-0.203142
-0.0397553
-0.228968
-0.0508044
0.725247
0.308456
-0.638512
0.541665
-0.211609
0.55452
2.32909
0.70899
-0.844987
-0.427049
0.494613
-0.163809
0.000293199
-0.0749321
0.00227502
-0.521004
0.44654
0.103027
0.0142395
0.838455
0.847278
-0.512566
0.15708
0.00142022
0.0450441
-0.0510044
0.719629
0.30749
-0.669002
0.602889
-0.241377
0.557587
2.43485
0.732004
-0.909548
-0.394994
0.496093
-0.17223
-0.00208101
-0.00216641
-0.015266
-0.103869
0.254766
-0.160362
0.0519908
-0.00550785
-0.00975299
-0.0886093
0.115854
0.0391762
-0.044284
38.0804
42.335
69.8087
-33.5375
-12.1355
-1.91515
-2.06782
0.980239
15.192
7.03056
44.4933
65.957
100
-13.522
1.27366
0.494226
-10.0134
-6.21112
-4.49491
-5.96174
-39.033
-9.80203
100
1.01906
14.9514
2.77456
-7.95595
-7.9369
23.5119
10.0793
-54.2723
-21.7146
61.2518
21.9272
12.7043
1.85976
6.27741
3.1367
14.9608
7.71801
30.1682
18.2863
57.7605
-1.57164
3.55629
-0.237612
-17.8386
-13.4196
2.04322
-3.36733
38.7636
19.5094
58.6105
6.88179
4.76862
0.801652
4.23114
2.03939
7.14324
1.14245
34.7946
-18.7715
24.7536
10.4531
-7.62109
-2.71351
-7.22732
-2.85826
12.6548
3.59958
31.86
-25.0981
15.8333
12.0718
-2.50484
-1.09783
-11.8252
-5.15417
11.9899
3.59467
-2976.45
594.395
2976.43
-1.2589e-17
0
0
0
0
0
0
0
0
-3789.3
366.916
3756.04
2.43437
0
0
0
0
0
0
0
0
-3153.21
777.841
2871.95
25.7675
-1.02129e-13
4.81801e-14
-2.83115e-13
1.01512e-19
0
0
0
0
-4139.1
482.62
3970.18
-1.89883e-15
1.40548e-17
0
0
3.54122e-14
0
0
0
0
-1107.34
499.065
1070.44
30.6778
0
2.57648e-14
0
0
0
0
0
0
-5924.52
494.349
5923.61
4.63604
0
1.27313e-14
0
0
0
0
0
0
-882.002
384.36
855.898
204.86
0
-1.04329e-15
0
0
0
0
0
0
342.547
317.61
-342.555
236.707
0
0
0
0
0
0
0
0
