1.23108
-0.0464
0.746369
-0.169224
0.0257755
0.185874
-0.0424254
-1.0044
0.1504
0.2794
-0.6654
-0.6273
0.6999
-0.2915
1.89612
0.108909
1.83794
1.31265
-0.432167
-2.71842
-0.891093
2.2443
-1.2768
1.11607
-1.84407
-1.14485
-1.22711
-0.0549758
0.749128
-0.160905
-0.0102678
0.251916
-0.211517
-0.89188
0.5451
0.0525168
-0.321832
-0.669253
0.662075
-0.26162
2.14454
-0.203607
0.0965063
-0.143211
0.375655
-0.959743
0.643853
1.2576
-1.2971
1.95311
-0.236248
-0.218477
0.168604
-0.0615053
0.739918
-0.170293
-0.0629684
0.318189
-0.0869871
-0.543729
0.984675
-0.0704335
0.188021
-0.685689
0.849834
-0.164078
1.68841
-0.051203
-0.054541
-0.300079
-0.419005
0.710981
2.23221
2.50698
-0.690244
2.904
-0.0688576
1.07277
0.700046
-0.0543942
0.73485
-0.154798
-0.11644
0.414551
-0.143391
-0.151719
1.41874
-0.112202
0.658277
-0.497195
1.03776
-0.0418847
0.9124
0.159518
0.541131
-0.994482
0.830889
-0.322814
2.23397
1.33139
-0.199264
1.62037
1.07666
1.07347
0.700308
-0.013516
0.733294
-0.059893
-0.17653
0.470731
-0.225525
0.176377
1.58561
-0.22153
0.907741
-0.308701
1.0324
-0.00709773
0.293143
-0.00868585
1.03022
-0.330581
0.224895
-0.471107
1.27191
0.105928
-0.72373
0.637769
0.805263
-0.380598
0.049992
0.0523731
0.732835
0.120828
-0.224193
0.414871
-0.311506
0.400533
1.6012
-0.31956
0.958502
-0.198965
0.970721
-0.00895673
-0.270791
0.199709
1.47491
-0.268609
-0.437274
-0.49217
1.27646
0.0153187
-0.472937
0.280049
0.608165
-0.336707
-0.0222555
0.0232795
0.737537
0.210775
-0.341188
0.376854
-0.246738
0.629213
1.57441
-0.431036
1.00833
-0.105354
0.966279
-0.0108157
-0.167318
0.0131109
0.510452
-0.667436
-0.212774
0.370245
1.39734
-0.626393
-0.645194
0.36613
0.51525
0.454312
0.0781681
-0.00580625
0.740856
0.300253
-0.457564
0.33928
-0.181969
0.721504
1.46294
-0.610544
1.04491
-0.0362331
1.047
-0.0141469
-0.10054
0.0187206
0.0782957
-0.489005
-0.00713865
0.558121
0.515076
-0.720083
-1.34827
-0.0322021
0.0308326
0.494725
-0.467493
59.9941
60.62
95.2785
-54.7213
-22.074
-4.1383
-9.30093
-2.97769
22.0861
9.66958
48.4023
75.3824
99.9567
-7.28475
-1.53634
0.147209
-0.993965
-1.56613
-0.228209
-0.596956
-71.7621
-45.8539
100
29.3513
30.2307
5.30596
9.12337
0.737971
51.3497
22.7247
34.7729
18.5322
26.2371
-23.3524
-6.27832
-2.65826
-0.693374
-2.64526
-8.90706
-7.0253
-50.8328
-51.2197
73.5628
34.6492
17.3244
3.10122
14.8437
2.13142
18.2527
4.38372
-13.4967
-5.69658
52.5606
20.2739
12.5419
2.23223
16.2434
6.67571
22.5027
10.9389
36.8867
23.049
63.372
-2.67187
-2.43932
-1.36123
1.89539
-4.05823
8.05698
-0.662856
-15.5808
-40.919
-10.0472
24.2305
7.88398
1.81856
17.3787
6.01472
17.321
5.94203
-4029.41
810.02
4008.66
7.01028e-15
0
-2.02602e-15
2.58913e-17
0
0
0
0
0
-3167.83
80.6478
3160.75
0.451064
0
0
0
0
0
0
0
0
-1714.37
1108.88
1315.27
31.4279
4.71701e-14
1.22515e-14
2.17135e-13
0
0
0
0
0
-1400.18
210.126
1400.18
0
0
-3.46413e-14
0
0
0
0
0
0
-174.095
783.602
-100.166
1.84715e-14
0
3.76228e-19
0
-2.77061e-13
0
0
0
0
-146.676
453.057
142.433
3.46636e-14
1.93455e-14
-2.13371e-16
0
0
0
0
0
0
-892.69
507.243
892.726
1.65438
1.60099e-13
6.97342e-16
0
-2.97528e-13
0
0
0
0
369.825
202.431
-369.456
351.895
0
3.46166e-14
0
0
0
0
0
0
