1.64198
-0.0464
0.746369
-0.169224
0.0257755
0.185874
-0.0424254
-1.0044
0.1504
0.2794
-0.6654
-0.6273
0.6999
-0.2915
1.89612
0.108909
1.83794
1.31265
-0.432167
-2.71842
-0.891093
2.2443
-1.2768
1.11607
-1.84407
-1.14485
-1.22711
-0.0620311
0.748138
-0.242862
0.127086
0.116387
-0.133601
-0.704875
0.676842
-0.0243011
0.00894311
-0.663915
0.728523
-0.264967
2.04018
-0.0774124
0.210432
0.430545
-0.0878019
-0.375399
1.2784
1.72723
-1.31924
2.87545
-0.152333
0.122319
1.03202
0.0162144
0.743605
-0.219613
0.215414
0.11039
-0.14322
-0.0356739
1.30173
0.0289597
0.712014
-0.700304
0.762927
-0.0191208
1.35004
0.0199469
0.0989189
0.189422
0.0852354
0.0315565
2.85479
2.89213
0.654368
2.99742
-0.481853
0.153342
1.8056
0.0182081
0.747982
-0.0615354
0.0352215
0.153239
-0.133561
0.500513
1.90685
0.204514
1.0019
-0.748999
0.799331
-0.00905808
0.00887058
0.144273
1.87868
-1.13928
0.206561
0.0462962
1.4897
2.55954
2.24192
1.02205
-0.202807
0.155106
0.0425407
0.00836738
0.747824
0.18424
-0.231817
0.162629
-0.112682
0.622752
2.2065
0.506677
1.01051
-0.739545
0.835921
-0.0413187
-0.055703
-0.00422192
1.05253
-0.709314
0.0351246
0.265945
0.466607
1.17694
1.28891
-0.0195531
0.277659
0.442358
-0.138774
-0.00104097
0.746671
0.325943
-0.406459
0.200289
-0.11989
0.613187
2.34938
0.57908
1.00692
-0.64577
0.939975
-0.0631781
-0.03773
-0.0923214
0.563195
-0.751868
0.162587
-0.206864
-0.265922
0.591217
0.308351
-0.0101679
0.647295
0.443871
0.461944
-0.0193956
0.745452
0.449827
-0.577058
0.236961
-0.110006
0.518951
2.43686
0.612823
1.00884
-0.48372
1.038
-0.0347223
-0.0986519
-0.071056
0.466907
-0.699694
-0.26676
0.6237
-0.44958
0.320681
0.00884459
0.417363
0.762387
0.417836
0.116619
-0.0424863
0.749007
0.536434
-0.619549
0.0776085
0.00552578
0.41238
2.50438
0.602807
0.971544
-0.437893
1.02612
-0.00850565
-0.070286
0.0542902
0.233075
-0.142172
-0.694163
0.818161
-0.456044
0.25628
-0.147957
-0.220713
0.061401
-0.311415
0.11162
27.3177
35.4275
70.5027
-34.0002
-13.4372
-2.28766
-0.645073
1.86287
23.8828
11.8254
26.8688
60.1797
98.2897
-7.24968
2.56986
0.647665
0.929534
-1.71372
7.0454
2.87219
-71.6082
-7.57492
96.876
34.0243
31.3648
5.81434
6.0023
-4.32499
24.0183
8.94085
-8.6002
3.63905
36.685
-5.99339
-0.248093
-0.379292
12.5566
4.08601
10.66
2.36812
38.2792
39.2976
62.9491
1.11889
-5.68653
-2.18243
-4.70987
-8.20524
9.02772
2.41622
-14.9995
-15.4731
15.4926
10.8976
-4.13518
-1.25093
31.6904
14.6104
21.9642
8.55486
44.8697
23.0503
46.7924
11.5032
-4.89345
-1.53483
5.55676
-2.85384
9.35409
0.779642
28.1069
14.9036
14.1109
11.7779
-3.83203
-1.12245
16.9207
5.31913
17.6958
6.06165
-1267.68
622.04
1224.55
0.912999
0
-1.97101e-16
-4.53712e-14
0
0
0
0
0
-1984.42
364.772
1910.28
4.09937
0
1.68929e-13
0
0
0
0
0
0
-1612.21
856.001
1309.94
7.62242
1.71809e-14
-2.21541e-13
0
-3.00111e-16
0
0
0
0
-93.8216
358.372
51.9176
28.859
1.24097e-13
0
1.82231e-15
0
0
0
0
0
-125.115
519.403
113.205
2.23478
-3.51305e-17
-3.53351e-19
0
-3.16027e-15
0
0
0
0
340.795
319.861
-363.094
203.873
-3.63666e-16
7.37072e-16
0
-1.05978e-14
0
0
0
0
1247.47
477.629
-1258.84
115.229
0
1.92334e-23
-1.22559e-14
2.20125e-15
0
0
0
0
-439.295
310.094
438.843
243.896
0
0
0
0
0
0
0
0
