1.39166
-0.0464
0.746369
-0.169224
0.0257755
0.185874
-0.0424254
-1.0044
0.1504
0.2794
-0.6654
-0.6273
0.6999
-0.2915
1.89612
0.108909
1.83794
1.31265
-0.432167
-2.71842
-0.891093
2.2443
-1.2768
1.11607
-1.84407
-1.14485
-1.22711
-0.246043
0.743054
-0.589444
0.153778
0.230601
-0.191627
-1.47045
0.559201
-0.0161693
-0.45648
-1.20499
0.472294
-0.536065
1.38511
-0.0421021
1.76193
0.40198
0.201697
-0.730337
-2.33745
0.405978
-2.14843
-0.819298
-2.92001
-1.23974
-1.31698
-0.134262
0.736422
-0.365747
0.00113929
0.38121
-0.120228
-1.93757
0.366587
-0.437678
-0.916505
-1.78269
0.219738
-0.831978
0.573924
-0.0492885
1.80742
-0.887944
0.751848
0.361739
-1.87673
-0.97909
-1.39794
-2.5334
-1.84925
-2.04041
-2.10592
-0.108959
0.730892
-0.130013
-0.214617
0.389784
-0.0455952
-2.31834
0.171192
-0.711897
-1.43385
-2.15173
-0.183533
-1.27602
0.160765
-0.029816
1.39416
-1.10168
-0.00349175
0.989824
0.00362347
-0.989654
0.167429
-2.65651
-0.0212583
-1.95187
-2.19483
-0.116176
0.730145
0.0924343
-0.449065
0.390761
-0.0327832
-2.30958
0
-0.680669
-1.95941
-2.16
-0.585688
-1.71921
-0.0368501
0.0345659
1.13417
-1.13572
-0.0222147
0.0719844
0.290746
0.454398
0.409937
-2.3407
0.322759
-1.79753
-2.09747
-0.121979
0.730658
0.245842
-0.605636
0.379929
-0.0200525
-2.26345
0.0909092
-0.6753
-2.407
-2.13084
-0.783553
-2.12802
-0.02767
0.0080552
0.745651
-0.719818
-0.096517
-0.358095
-0.267151
1.77268
-1.23086
-1.98122
0.154333
-0.879433
-1.09392
-0.124808
0.731871
0.280743
-0.636766
0.364325
-0.0087868
-2.31285
0.354208
-0.914556
-2.76894
-2.12287
-0.761178
-2.28931
0.0352354
0.00438666
0.1085
-0.0506637
-0.224893
0.0606643
-0.263496
1.3847
-1.68245
-0.551139
0.0449989
0.166899
-0.379215
-0.121365
0.734908
0.301227
-0.640794
0.342899
-0.00336122
-2.35343
0.594142
-1.16121
-2.76782
-2.06559
-0.722248
-2.34494
-0.0581732
0.0175561
0.0829446
0.0767285
-0.134109
0.0463709
-0.222664
0.530003
-1.32368
0.0905365
0.359257
0.201269
-0.285476
50.2938
41.6554
49.0776
-49.7523
-22.2102
-4.551
-25.2896
-15.4346
21.342
12.4066
59.8572
53.231
93.0914
-54.8304
-21.638
-3.935
-28.5023
-15.6161
-15.82
-13.8545
4.57915
5.83704
54.1155
-7.63322
-2.5791
0.325367
-4.02422
3.47569
2.62461
-0.46898
50.1371
20.4828
61.032
-8.12331
-0.053799
1.95908
-8.16217
3.80469
-11.7884
-10.5841
58.2164
26.4919
52.5061
-24.7617
-6.81894
-0.805809
-7.37223
3.76839
-4.349
-1.82451
96.7736
43.5426
53.5819
-35.5805
-12.7047
-1.79667
-6.25325
4.58128
-1.70386
2.44684
90.3305
45.4725
61.7576
-36.324
-15.1927
-1.53619
5.50082
12.5715
-7.25305
-2.54625
80.4595
26.5515
27.2493
-27.6544
-10.5096
-0.626598
-1.70273
6.48666
-7.44217
-2.27434
-752.172
398.923
750.131
8.17744
0
0
0
0
0
0
0
0
-1266.77
273.179
1027.13
414.371
-3.72817e-14
0
0
0
0
0
0
0
-927.792
376.613
795.051
12.0437
-5.0555e-14
-1.49308e-13
0
0
0
0
0
0
-1440.4
579.701
1363.16
15.03
3.36296e-14
-7.13945e-15
0
-1.35041e-13
0
0
0
0
1801.24
485.216
-1875.73
15.4283
0
0
0
0
0
0
0
0
-337.929
497.691
332.592
73.4724
0
4.29404e-16
0
0
0
0
0
0
-208.94
547.713
153.798
22.0576
0
3.80858e-16
0
0
0
0
0
0
-690.247
368.33
690.12
185.97
0
0
0
0
0
0
0
0
