1.51064
-0.0464
0.746369
-0.169224
0.0257755
0.185874
-0.0424254
-1.0044
0.1504
0.2794
-0.6654
-0.6273
0.6999
-0.2915
1.89612
0.108909
1.83794
1.31265
-0.432167
-2.71842
-0.891093
2.2443
-1.2768
1.11607
-1.84407
-1.14485
-1.22711
-0.0382696
0.743838
-0.154107
0.0782948
0.115358
-0.160369
-0.731969
0.797579
0.00379554
-0.424545
-0.609387
0.853139
-0.249194
2.26103
-0.209897
0.118246
0.242669
0.640633
-0.56036
1.26279
2.99889
-1.29848
1.11103
0.0835759
0.840374
0.513807
-0.0913467
0.739937
-0.203422
-0.0458978
0.257259
-0.00804905
-0.190703
1.44483
-0.086011
-0.184799
-0.482556
1.02831
-0.138234
1.80292
0.0980951
-0.227012
-0.581515
0.844827
0.705694
2.50859
2.99923
0.0800369
-0.188996
0.475452
0.794359
0.628207
-0.0455408
0.733666
-0.0956463
-0.173909
0.438771
-0.169216
0.170737
1.9113
-0.0655074
-0.225412
-0.37955
1.0353
-0.00263379
0.500405
-0.0332882
1.67461
-1.99831
0.801177
-0.775326
1.46415
2.14832
2.03
-2.26939
0.479933
-0.530956
0.694639
-0.0790776
0.729736
0.265955
-0.597992
0.457263
-0.125225
0.48703
1.94154
0.372483
-0.714829
-0.27372
0.916778
-0.00149728
-0.151202
-0.0118311
2.34899
-1.8417
-0.0343522
0.294998
1.55039
0.139226
2.03567
-2.33957
0.669331
-0.571775
0.00520002
-0.104686
0.726989
0.57667
-0.94641
0.451329
-0.0815518
0.706508
1.83038
0.625904
-0.907405
-0.129223
0.822385
-0.0338357
-0.0896647
0.0390586
1.43956
-1.01537
0.0346635
-0.145585
1.01567
-0.530725
1.00353
-0.878005
0.6731
-0.34037
-0.18015
-0.120932
0.723954
0.646673
-1.04596
0.458376
-0.0594252
0.698151
1.7542
0.67765
-0.924782
-0.00863288
0.767943
-0.0625914
0.0463443
-0.0301639
0.291828
-0.149476
0.0277803
0.160027
-0.0525127
0.0965848
0.0269004
-0.0382923
0.556171
-0.0238729
0.400768
-0.123181
0.727392
0.692869
-1.06756
0.40397
-0.0292636
0.674607
1.77196
0.676236
-0.926225
-0.0153382
0.76369
-0.0568812
-0.0142101
0.0185157
0.0596732
0.0484917
-0.293381
0.240506
-0.116285
0.0556704
-0.0126422
0.0123432
-0.0815731
-0.0139984
-0.0641966
8.24622
17.219
31.9149
-8.5403
-2.47389
0.254107
-2.76182
0.0320641
18.4532
10.8927
36.7039
51.5713
79.3197
-22.4909
-0.320533
-0.261198
-18.3856
-9.39079
17.3707
6.36353
-22.2738
-10.3757
59.9629
21.5308
23.0254
4.00171
-13.5103
-9.21674
12.4487
2.01536
-22.756
-26.2004
41.538
7.3594
5.0134
0.883467
-1.30326
0.574139
24.1377
11.9318
36.963
10.4854
57.475
20.0288
4.31476
-0.071351
2.27259
0.128384
4.32702
-2.62148
93.4996
47.44
64.1751
-3.60782
-4.44822
-1.88478
-1.08788
0.279701
19.7399
8.42688
89.9079
38.069
67.6572
14.8153
-2.85006
-1.23855
-9.34377
-5.67142
13.9416
2.68386
61.7466
2.82069
7.84482
17.9498
-0.805475
-0.827116
-4.1879
-1.4954
17.5762
5.98823
316.366
272.707
-318.261
-5.96154e-15
0
0
0
0
0
0
0
0
236.143
664.543
-248.353
0.345251
5.15765e-23
2.68434e-13
-8.778e-17
3.47879e-17
0
0
0
0
306.924
654.329
-535.614
0.710443
0
-7.12196e-15
1.75776e-24
0
0
0
0
0
110.052
455.625
-269.521
0.000625034
1.793e-13
0
-1.40641e-13
0
0
0
0
0
423.696
525.88
-508.994
0.0199098
-4.88755e-22
0
-8.61347e-14
0
0
0
0
0
780.717
516.441
-787.135
0.424079
0
-1.3848e-13
0
0
0
0
0
0
-84.0133
589.225
36.2238
0.5671
0
0
0
-9.21783e-21
0
0
0
0
-43.6862
282.103
43.6471
272.171
0
0
0
0
0
0
0
0
