1.01278
-0.0464
0.746369
-0.169224
0.0257755
0.185874
-0.0424254
-1.0044
0.1504
0.2794
-0.6654
-0.6273
0.6999
-0.2915
1.89612
0.108909
1.83794
1.31265
-0.432167
-2.71842
-0.891093
2.2443
-1.2768
1.11607
-1.84407
-1.14485
-1.22711
-0.0674203
0.742681
-0.298918
0.0923978
0.242913
-0.0251303
-0.927113
0.575633
0.280094
-0.503924
-0.686256
0.736173
-0.469042
2.1591
-0.0281293
0.430446
0.458898
0.394227
-1.2718
0.534373
2.93922
0.0909521
1.11359
-0.407342
0.250864
-1.22896
-0.104639
0.737014
-0.306782
0.0247857
0.283078
-0.00934909
-0.672139
1.00951
0.293109
-0.342805
-0.550635
0.772446
-0.508103
1.97451
-0.0388711
-0.0175071
-0.467762
0.277524
0.16221
1.84423
2.99881
0.0850145
1.10446
1.02814
0.243658
-0.26973
-0.136824
0.73139
-0.309454
-0.0428797
0.323228
0.0140869
-0.253181
1.44334
0.289465
-0.183002
-0.319915
0.798761
-0.521004
1.40879
-0.0112926
0.240743
-0.557969
-0.103817
0.121817
2.89557
2.42346
-0.622666
1.00153
1.59466
-0.964029
-0.088788
-0.107366
0.735442
-0.296995
-0.00342374
0.308253
-0.00798581
0.165843
1.72105
0.201589
0.0209024
-0.0901619
0.659402
-0.533564
0.899968
0.0557204
0.084903
0.402245
-0.221602
-0.598321
2.89601
1.37373
-1.1416
1.40884
0.66993
-0.963098
-0.086061
-0.0124161
0.743445
-0.324172
0.183593
0.285218
-0.144682
0.58144
1.84851
-0.0290654
0.231468
-0.00813821
0.536146
-0.546026
0.701125
0.0582491
-0.686851
1.29277
-0.119342
-0.945331
1.73868
0.543358
-1.59547
1.45498
-0.631314
-0.850325
-0.085251
0.0356989
0.742208
-0.423192
0.36412
0.271728
-0.212664
0.685902
1.86773
-0.259157
0.442001
-0.0995347
0.414303
-0.558364
0.332319
-0.000857579
-0.63218
0.694986
-0.018098
-0.422234
0.452095
0.132183
-0.768952
0.429934
-0.713514
-0.840329
-0.0838008
0.0606369
0.740605
-0.443801
0.432064
0.254532
-0.242784
0.688746
1.87239
-0.362112
0.460919
-0.188022
0.30778
-0.547688
-0.0187593
-0.0160703
0.0230641
0.138588
-0.173392
-0.191552
0.00844664
0.013402
-0.0797598
0.0277774
0.00511168
-0.00851761
0.108238
28.1248
35.1816
55.1896
-14.3138
-1.25921
0.979086
-6.37405
-1.90882
8.99969
1.96983
36.9777
35.5967
59.3269
-26.783
-6.02275
-0.0872778
-19.6919
-9.46325
10.0226
2.67757
-31.9981
-16.7361
54.1165
7.82064
14.3772
2.52249
6.55749
6.28562
10.4368
3.7279
15.9588
3.07613
55.0046
2.58665
14.0553
2.25737
-13.2282
-8.9828
-4.86177
-8.60133
-5.8132
-6.48239
54.9084
-3.35992
4.6566
-0.242869
5.90467
1.22066
24.6471
10.6508
36.8923
28.8584
53.8525
-15.1438
-4.85052
-1.75705
-24.5541
-17.0425
-18.548
-15.1226
-92.0824
-45.8355
54.4703
24.8145
8.35792
2.42265
12.2091
8.05589
24.5635
12.6507
-70.1655
-72.0531
-30.87
13.8695
9.22461
1.58713
-0.836696
-1.03472
-5.42555
-3.84458
-1084.9
465.512
1073.54
0.291778
0
0
0
0
0
0
0
0
500.796
500.753
-508.682
0.871244
0
1.96148e-13
0
0
0
0
0
0
-648.627
593.157
440.776
0.705741
0
-5.82965e-17
0
7.343e-16
0
0
0
0
57.4619
592.101
-259.828
0.661427
-2.20015e-21
1.98011e-13
0
0
0
0
0
0
-68.2998
600.429
-141.77
0.655235
-1.06832e-18
-5.31458e-18
0
0
0
0
0
0
-601.499
441.811
601.409
2.50381
0
0
0
0
0
0
0
0
-293.131
591.715
85.9899
0.116194
0
0
0
0
0
0
0
0
-174.974
110.024
174.965
444.249
0
0
0
0
0
0
0
0
