1.73544
-0.0464
0.746369
-0.169224
0.0257755
0.185874
-0.0424254
-1.0044
0.1504
0.2794
-0.6654
-0.6273
0.6999
-0.2915
1.89612
0.108909
1.83794
1.31265
-0.432167
-2.71842
-0.891093
2.2443
-1.2768
1.11607
-1.84407
-1.14485
-1.22711
-0.0236672
0.741012
-0.254207
0.207736
0.0818813
-0.101734
-0.667443
0.894162
0.394666
-0.28592
-0.526712
0.842178
-0.147285
2.25441
-0.349705
-0.342802
0.733966
0.170541
-0.239216
1.35913
3
0.258359
1.53028
0.405999
0.826087
0.59422
0.0452597
0.744817
-0.33919
0.378003
0.108173
-0.159347
-0.236326
1.63792
0.502717
0.0935599
-0.0496354
1.047
0
1.21259
0.0171603
0.466484
0.103225
0.106035
-0.105482
1.73902
0.873765
0.435878
-0.53411
1.25702
1.68712
1.13286
0.0143397
0.749072
0.0142985
-0.00269834
0.0632162
-0.0748163
0.21884
1.77473
0.617859
-0.38638
-0.0504886
1.047
0
-0.124706
0.306387
2.5126
-1.53557
-0.238631
0.340936
0.336569
0.198603
0.464428
-1.93592
-0.544456
1.266e-14
-9.34462e-14
-0.0109867
0.749987
0.308245
-0.309853
0.0116359
-0.0100276
0.413617
1.43933
0.733
-0.686337
-0.182646
1.00439
-0.0436133
0.0928174
-0.00169997
1.18081
-0.991003
-0.194513
-0.0533702
2.41435
-1.68157
0.930848
-0.68959
-0.447185
-0.469214
-0.640698
0.0131516
0.749442
0.304301
-0.26605
0.00621173
-0.0444632
0.693236
1.02241
0.64289
-0.706085
-0.146879
0.926431
-0.207185
0.221426
-0.00990718
-0.0286464
0.15981
-0.0217302
-0.142305
1.12783
0.304252
-0.399059
-0.022812
0.152356
0.082038
-0.674179
0.0490522
0.746964
0.293299
-0.197238
0.00133338
-0.0973944
0.709748
1.09782
0.518669
-0.693067
-0.115309
0.977156
-0.374333
0.134678
-0.0120895
-0.228708
0.277616
0.124294
-0.215756
0.0420372
0.639685
-0.673673
-0.238579
-0.0206699
0.253771
-0.673278
0.0653119
0.745063
0.284671
-0.18146
0.0374082
-0.140619
0.716908
1.19944
0.455048
-0.703475
-0.120391
0.984845
-0.430685
0.00034923
0.00422079
0.0194367
-0.0924646
0.157949
-0.173757
-0.065023
0.0267253
0.00280763
-0.0419344
-0.370864
-0.0244642
0.0203641
27.3988
35.29
58.4747
-17.0196
-1.91448
0.912645
-6.48875
-2.48336
17.6405
8.88226
32.6314
64.3181
100
-19.0573
-2.45285
0.0865257
-9.64554
-4.67646
12.517
4.99211
-100
-22.8384
100
18.5838
19.9896
2.98487
-8.5991
-4.76813
40.534
18.0909
4.8681
18.7135
37.0047
16.1747
6.68711
0.527121
-4.48108
-3.27833
-13.9881
-11.0889
48.6485
58.4257
68.6974
15.3329
11.4936
1.3491
1.79053
1.65103
16.757
5.99581
49.1105
57.5776
66.2996
8.65827
3.95539
-0.247031
-13.2795
-6.71632
13.8673
2.64411
7.48757
35.3448
64.8663
24.4678
6.52032
0.794578
-4.83266
-1.92835
19.3496
7.7539
8.89583
25.484
49.4799
24.2322
8.11877
0.906127
-7.85831
-3.11981
15.6427
4.5153
-1397.48
496.202
1397.46
-2.22045e-16
0
0
0
0
0
0
0
0
-3771.15
399.745
3711.44
0
-8.52721e-14
0
0
-1.83531e-16
0
0
0
0
-2536.81
950.633
2204.08
2.18575e-16
-1.06633e-16
-1.04702e-13
2.013e-13
0
0
0
0
0
552.942
314.733
-552.942
-1.63425e-13
0
1.61734e-15
4.31939e-22
-1.62096e-17
0
0
0
0
-287.136
570.416
265.198
1.06436
0
-2.83629e-15
0
0
0
0
0
0
298.222
538.631
-306.604
0.314994
1.30514e-13
-1.44248e-23
0
-2.26334e-16
0
0
0
0
343.302
551.817
-382.583
0.5585
0
0
0
0
0
0
0
0
194.097
467.123
-194.097
87.1417
0
0
0
0
0
0
0
0
