1.4748
-0.0464
0.746369
-0.169224
0.0257755
0.185874
-0.0424254
-1.0044
0.1504
0.2794
-0.6654
-0.6273
0.6999
-0.2915
1.89612
0.108909
1.83794
1.31265
-0.432167
-2.71842
-0.891093
2.2443
-1.2768
1.11607
-1.84407
-1.14485
-1.22711
-0.220618
0.744795
-0.577146
0.181047
0.225479
-0.17158
-1.19279
0.77632
0.0103956
-0.433371
-1.01582
0.458695
-0.556212
1.7146
-0.00948082
0.621237
0.590598
0.610259
-0.612629
-1.23972
2.97102
-1.28281
-0.939
-0.651183
-1.18499
-1.30462
-0.0523209
0.737874
-0.47813
0.226926
0.387473
-0.156103
-1.46906
1.40224
0.103934
-0.984843
-1.19117
0.208911
-0.952802
0.911843
-0.0395649
0.888851
-0.165512
0.790739
0.112314
-1.43141
2.66278
0.444523
-2.67328
0.729257
-2.69152
-1.95978
-0.0803856
0.728192
-0.316599
-0.0270687
0.475924
-0.132256
-1.67227
1.96252
0.236342
-1.60088
-1.03801
-0.261672
-1.36588
-0.11397
-0.076077
2.45115
-1.82872
0.407471
0.497845
-0.727303
1.0049
0.648821
-2.9536
1.43963
-2.13655
-1.44168
-0.134176
0.715054
0.048186
-0.508555
0.53321
-0.0698181
-1.7091
2.17269
0.429901
-2.22277
-0.734999
-0.43429
-1.66776
-0.258879
-0.00855394
1.74998
-2.28537
0.271617
0.305294
-0.0933352
-0.349368
0.951477
-1.81733
2.2062
-0.815801
-0.245483
-0.18568
0.697814
0.3078
-0.88239
0.589039
-0.0144485
-1.72439
2.23415
0.640297
-2.60143
-0.443725
-0.481584
-1.76031
-0.086554
-0.0816638
0.721199
-1.73672
0.26452
0.0116635
-0.697171
0.293001
1.05044
-1.11307
1.38112
-0.223017
0.309282
-0.202112
0.687098
0.374503
-1.00731
0.644624
-0.0118262
-1.84141
2.34191
0.694543
-2.816
-0.405462
-0.499721
-1.69182
-0.0464161
-0.0505689
0.287602
-0.523634
-0.0958161
0.0229103
-0.508596
0.555553
0.117224
-0.54037
0.152601
-0.0666605
0.335964
-0.206397
0.687971
0.413191
-1.04121
0.622549
0.0062112
-1.9131
2.34712
0.700517
-2.82769
-0.409647
-0.510058
-1.67252
-0.0117932
0.0125712
0.0187292
0.0478733
-0.158716
0.207003
0.03085
-0.0700419
-0.0110169
0.0836743
-0.100962
0.00070783
-0.021147
45.4889
43.3789
59.8493
-35.978
-12.4232
-2.03496
-22.3887
-10.7162
18.2417
9.31293
61.9296
61.4433
92.1097
-42.1563
-12.6312
-2.02324
-26.3235
-14.5374
-20.0629
-16.2547
-33.8125
-29.0492
55.5111
-7.93706
4.98934
1.53366
-11.0999
1.68171
-1.82307
-3.77988
-13.3739
-19.1688
38.4903
-12.6872
2.44199
0.0546763
2.51847
5.8187
9.5644
8.01004
90.491
38.4444
62.196
-25.7524
-0.047204
0.549189
-13.3168
-2.84228
-8.8725
-6.81735
97.8942
15.9253
28.607
-13.1818
10.0877
1.57269
-21.9811
-10.2066
-5.04129
-3.92781
99.624
-1.68385
2.90282
-11.196
5.93306
1.00721
-8.97927
-1.4642
-11.034
-9.92168
86.1195
-8.4869
-9.41842
-10.8553
8.26976
1.57118
-9.6497
-1.89602
-7.11488
-5.97593
-177.142
505.78
170.268
14.6576
0
0
1.54788e-14
0
0
0
0
0
-519.595
516.036
350.031
35.3768
0
0
0
0
0
0
0
0
-392.092
590.384
181.235
13.4779
2.24333e-13
1.82906e-13
0
0
0
0
0
0
-69.3597
418.726
-42.1519
9.74923
-2.54359e-14
-1.6016e-20
0
0
0
0
0
0
131.297
532.121
-134.311
12.5801
0
0
0
0
0
0
0
0
23.0874
387.944
-63.676
158.793
-2.90668e-17
1.57499e-13
-7.94927e-17
0
0
0
0
0
9.73656
278.371
-26.9448
313.024
0
1.81339e-13
0
0
0
0
0
0
-1.90816
205.539
1.89802
348.732
0
0
0
0
0
0
0
0
