2.00072
-0.0464
0.746369
-0.169224
0.0257755
0.185874
-0.0424254
-1.0044
0.1504
0.2794
-0.6654
-0.6273
0.6999
-0.2915
1.89612
0.108909
1.83794
1.31265
-0.432167
-2.71842
-0.891093
2.2443
-1.2768
1.11607
-1.84407
-1.14485
-1.22711
-0.172078
0.747332
-0.202558
-0.0507499
0.0720299
-0.0308019
-0.866704
0.793538
-0.0800236
0.179487
-1.15437
0.988148
-0.642229
0.999395
0.00548395
2.73116
-0.268182
-0.210163
0.0418208
0.481915
2.25027
-2.8358
2.9572
-2.96432
1.1673
-1.31947
-0.0310494
0.749618
0.09306
-0.139022
0.0420879
-0.00944488
-0.0392002
1.44992
-0.322487
0.996311
-1.35964
1.03019
-0.620758
0.548165
0.364279
1.03408
-0.310052
0.254979
0.0773311
2.89733
2.41703
-0.756507
2.34664
-0.824156
0.126927
0.398484
-0.0611162
0.747182
0.388678
-0.521128
0.119042
0.0126243
0.343128
2.12197
-0.531614
1.01901
-1.19898
1.00782
-0.493013
-0.106006
-0.0247117
1.43718
-1.49295
0.625251
0.622171
1.2372
2.30566
1.48995
-0.0829357
0.561019
-2.28807
0.62341
-0.112989
0.741409
0.694233
-0.91272
0.12877
0.0930505
0.630007
2.21941
-0.263692
0.994257
-1.03833
0.352917
-0.308488
-0.18113
-0.0186354
1.07006
-0.462065
0.0256069
0.303099
0.624536
0.277405
0.896741
-0.291508
0.55067
-2.31727
0.817111
-0.120792
0.739967
0.668609
-0.900951
0.133064
0.099277
0.674382
2.07255
-0.0657284
0.879228
-0.996621
-0.28195
-0.0864035
-0.00818582
0.219864
-0.0894376
0.106059
-0.0663958
-0.168629
-1.00951
-0.567339
-0.674099
-0.413657
-0.0538906
-2.07735
0.777889
-0.124244
0.739965
0.642913
-0.86868
0.109335
0.116433
0.386375
1.80063
-0.286444
0.763716
-1.04397
-0.860821
-0.207445
-0.0424218
-0.00944206
-0.0835647
0.125494
-0.173263
0.243528
-1.00261
-0.957916
-1.15786
-0.0709846
-0.216377
-0.860691
-0.47864
-0.146953
0.736448
0.629249
-0.867073
0.0626647
0.17516
0.124435
1.53718
-0.597223
0.748927
-1.10271
-0.882337
-0.351345
-0.0926413
-0.0165923
0.182733
-0.274206
-0.162008
0.356072
-0.0743352
0.0688992
-0.43563
0.3273
-0.195091
0.0847395
-0.530072
-31.2028
-13.0643
27.4943
0.958617
0.802073
0.812967
-0.35906
2.64339
25.0283
12.8576
16.3576
48.4022
94.5706
-9.22145
7.30052
0.292368
3.46425
-5.6397
14.7628
3.95598
45.102
59.4692
73.106
6.69601
20.5997
2.72044
0.153878
-6.04103
0.879794
-3.30078
13.0309
9.45481
25.4232
-2.36148
-4.41881
-1.40086
10.511
3.20942
8.42882
1.64187
95.6667
62.7201
54.3127
15.5937
-6.88778
-0.778845
13.8437
0.266031
19.8569
6.4082
85.8024
56.389
45.0309
-8.88704
-13.653
-3.52368
10.6192
1.03198
1.1398
-2.73238
25.3524
-6.99372
-23.0102
38.0324
15.1723
3.86319
17.7971
4.75668
4.71548
3.24655
57.3994
19.5438
-10.2116
21.8697
8.57538
1.62726
13.1905
1.5702
-6.45088
-3.51337
89.6684
316.692
-201.939
9.57663
0
0
0
0
0
0
0
0
-670.502
661.406
432.856
17.5831
0
0
0
0
0
0
0
0
-1514.04
581.391
1503.86
15.8157
0
0
0
0
0
0
0
0
-128.343
263.905
44.5805
17.5857
0
0
0
0
0
0
0
0
435.119
599.493
-439.919
172.479
0
0
0
0
0
0
0
0
18.6231
404.85
-28.8536
51.8944
0
0
0
0
0
0
0
0
64.4172
150.618
-72.8198
408.287
0
0
0
0
0
0
0
0
1575.65
201.744
-1575.84
352.145
0
0
0
0
0
0
0
0
