1.91489
-0.0464
0.746369
-0.169224
0.0257755
0.185874
-0.0424254
-1.0044
0.1504
0.2794
-0.6654
-0.6273
0.6999
-0.2915
1.89612
0.108909
1.83794
1.31265
-0.432167
-2.71842
-0.891093
2.2443
-1.2768
1.11607
-1.84407
-1.14485
-1.22711
-0.00160177
0.751212
-0.387137
0.384811
0.0676923
-0.154096
-0.567199
0.76434
-0.0698591
-0.360093
-0.534354
0.883791
-0.215801
2.20358
0.0150857
-0.730721
2.07556
0.119411
-0.397215
1.59849
1.05034
-1.3377
0.994432
0.618975
0.671872
0.498983
0.100928
0.737846
-0.586311
0.709253
0.116489
-0.262687
-0.129997
1.5144
0.158536
-0.0883146
-0.25772
1.04398
-0.00720461
1.21599
-0.336294
-0.0347647
1.05038
0.283712
-0.378924
0.419588
2.74237
0.836177
-0.323108
1.46005
-0.233789
0.974355
0.151348
0.726772
-0.541074
0.721926
0.153331
-0.334183
0.109331
2.26451
0.386931
-0.4008
-0.184876
0.942926
-0.000105677
0.134774
0.00970625
1.42318
-0.00712876
0.0758211
-0.252746
-1.14733
2.81865
1.10329
-1.34559
0.174474
-0.55738
-0.011011
0.130579
0.730918
-0.151415
0.28162
0.18933
-0.319535
-0.201744
2.46063
0.213036
-0.480875
-0.131449
0.888421
-0.010104
-0.0805008
0.143461
1.53368
-1.62109
0.382918
0.338276
-1.13424
0.716048
-0.638588
-0.248431
0.559138
0.174544
-0.566975
0.0828154
0.735172
0.267977
-0.270805
0.307364
-0.304536
-0.534917
2.05123
-0.290427
-0.10178
-7.11328e-05
0.927241
-0.164878
-0.156231
-0.034751
2.18036
-2.16361
0.616394
-1.01223
-1.32014
-1.49722
-2.33249
1.56937
0.459409
-0.354688
-0.724384
0.12004
0.717668
0.866049
-0.889836
0.474266
-0.450479
-0.855138
1.23642
-0.909155
0.341536
-0.0750841
0.737623
-0.434494
0.230413
-0.0828843
2.58708
-2.2899
0.24263
-0.533193
-2.21049
-2.99507
-1.06771
1.73883
-0.852959
-1.16519
-1.86305
0.183062
0.69396
1.48936
-1.44541
0.552476
-0.596422
-1.4047
0.507236
-0.591895
0.426118
-0.325018
0.417397
-0.945383
1.2123
-0.916025
2.03347
-1.52141
0.43916
0.979731
-1.15217
-1.23183
1.6155
0.191128
-1.467
-1.74839
-1.95117
65.3577
62.8447
91.1958
-48.1458
-18.9286
-3.27788
-26.0272
-12.8648
20.9871
9.31455
22.5861
61.8827
100
-10.5832
-0.442359
-0.064746
-1.30594
0.216383
5.49074
1.0417
-94.0343
-15.1046
100
10.8619
19.9578
4.02857
-18.1461
-8.53128
16.4485
6.63132
-62.8266
-11.057
71.3643
-5.45522
4.98152
-0.0464216
-15.8476
-6.83385
11.2427
2.97836
-28.0692
2.46802
54.3602
3.57036
2.72912
-0.408232
4.73344
5.7167
11.5821
5.30538
-1.28886
-14.0491
23.2224
-0.446087
4.86456
0.308722
7.73064
3.12126
8.35576
0.991838
66.7123
27.5143
51.9487
-3.02207
7.19531
0.0911365
3.36365
-1.40054
2.54125
-1.54722
50.4703
18.0466
34.2306
14.4454
10.1847
2.36789
-4.17649
-5.47937
9.37764
2.00601
128.249
764.938
-149.173
-1.36768e-16
0
0
0
0
0
0
0
0
-3544.76
289.909
3469.88
0.0163216
0
-1.48852e-23
0
0
0
0
0
0
-5476.04
728.065
5221.21
5.57368e-14
1.94678e-21
-1.97944e-13
0
-2.44256e-16
0
0
0
0
-100.175
624.417
67.0565
1.0895
0
1.65686e-13
8.26397e-23
1.56811e-15
0
0
0
0
-367.211
452.792
356.771
0.697312
0
6.52562e-14
0
0
0
0
0
0
1041.95
315.402
-1041.95
179.932
-4.23378e-15
-1.3513e-19
0
0
0
0
0
0
-521.996
370.862
678.178
75.3715
-8.40139e-17
1.02826e-13
0
0
0
0
0
0
990.111
226.818
-889.413
60.8913
1229.11
1.88095
-1228.42
0.0888615
0
0
0
0
