1.35989
0.2867
0.663014
0.181314
0.117592
0.382494
-0.6814
-0.926578
0.673732
0.0715326
-0.5645
-0.9689
0.5879
-0.3992
0.576815
-0.101542
2.29649
0.0485529
-2.94535
0.600302
-2.9993
3
-2.29719
2.94031
2.40871
0.369082
1.53357
0.358588
0.632108
0.474804
0.0934854
0.0844384
-0.652728
-1.32213
1.07023
-0.222908
-0.174054
-0.730858
0.660343
-0.101273
0.370033
-0.458399
1.51053
-0.228324
-1.53383
0.115986
-1.73258
1.56528
-1.04627
1.64748
1.19979
1.40315
1.76601
0.381646
0.615936
0.610245
0.0434939
0.000222699
-0.653962
-1.48956
1.19747
-0.318147
-0.0935469
-0.503561
0.860446
-0.0246758
0.107937
0.0864351
0.685843
-0.288361
-0.125989
-0.00635675
-0.530025
0.643835
-0.382219
0.315184
1.25752
1.0299
0.394159
0.357296
0.632842
0.744194
-0.182928
0.0939305
-0.655196
-1.58999
1.0636
-0.217801
-0.239064
-0.280764
0.903948
-0.0211663
-0.181532
0.581937
1.05004
-1.18183
0.490088
-0.558042
-0.369163
-0.730776
0.682306
-0.796333
1.11484
0.223935
0.00853305
0.329623
0.650584
0.923182
-0.424822
0.11845
-0.61681
-1.72016
0.894821
-0.0978401
-0.422895
-0.295511
0.902012
-0.0367596
-0.0518191
0.0745034
0.919689
-1.42481
0.124198
0.319186
-0.7171
-1.04972
0.475454
-1.26963
-0.255789
-0.0119354
-0.129078
0.319608
0.657205
1.0917
-0.599333
0.0934703
-0.585834
-1.86487
0.823221
-0.0500496
-0.669496
-0.348753
0.88055
-0.0480667
0.167982
-0.321067
0.43942
-0.877716
-0.429514
-0.0518213
-1.02359
-0.273072
0.0341927
-1.59574
-0.586838
-0.545647
-0.0458067
0.320007
0.657379
1.29283
-0.786392
0.0660924
-0.572534
-2.06519
0.823052
-0.0506943
-0.888822
-0.389851
0.827893
-0.0513643
0.0020543
0.000895933
1.27285
-1.14898
-0.135037
0.101614
-1.04714
-0.000867187
-0.00332587
-1.09787
0.125967
-0.273054
0.509683
0.320406
0.657554
1.54195
-1.00209
3.25035e-05
-0.539894
-2.31349
0.822883
-0.0513409
-1.07948
-0.422414
0.855103
-0.0401765
-0.319318
0.405332
2.64589
-0.570081
-0.43116
0.763603
-1.37463
0.328907
-0.328218
-0.0505433
-0.324722
0.876481
-0.00992311
4.17329
3.37064
0.02307
53.3314
3.40686
35.3291
-11.134
-14.4992
23.001
11.6302
11.4308
4.22535
-0.715033
93.4678
-13.0211
55.4387
-12.6436
-14.8016
10.3991
-0.0038605
30.2576
10.7914
0.341247
99.4855
-80.302
34.9189
8.74966
0.0125686
12.3163
-0.81342
-24.1655
-6.53582
17.668
77.6255
16.0139
37.6616
-1.38564
-3.84936
19.8922
9.14569
-23.9966
-8.70984
11.2358
99.6605
39.875
25.1949
-7.07016
-7.16402
-1.01144
-4.25869
10.6761
8.3007
12.6068
99.9163
3.0098
9.9105
3.98655
0.22655
17.7445
7.31191
39.9111
22.7593
17.0731
50.9374
-24.8096
28.3965
29.3966
14.8845
31.3904
15.0167
45.768
16.9892
1.67404
-2.88012
-39.2086
-0.554276
-58.6178
-31.49
15.2922
6.90215
23.949
2.47082
-25.0169
1.14452
329.905
381.99
-461.634
9.52485e-16
0
0
0
0
-321.498
0
321.498
0
-308.258
539.535
224.565
31.1628
0
0
0
0
825.44
2.03142
-824.843
1.35129e-17
197.508
587.554
-305.43
284.075
0
0
0
0
-448.36
141.766
448.626
0.000743254
-340.518
304.461
340.518
1.54389
0
0
0
0
865.092
96.8259
-864.438
0.09068
571.658
191.459
-485.539
54.5951
0
0
0
0
-432.204
83.1741
452.186
1.80878
-381.898
265.126
381.898
234.249
0
0
0
0
493.668
100.746
-458.396
0.0326154
240.8
421.746
-421.836
95.5001
0
0
0
0
-333.209
1.67606
333.209
0.148117
-402.327
197.591
284.757
138.322
-80.0248
228.642
0
0
