2.6737
0.3204
0.65754
1.54199
-1.00208
5.27294e-06
-0.539915
-2.31355
0.82288
-0.0513201
-1.07954
-0.42241
0.855094
-0.0402003
-0.25399
0.152222
0.556527
0.456002
-2.93617
1.92364
0.0268373
-1.78462
1.20126
1.03809
-2.93337
1.64371
2.10521
0.262732
0.688254
1.65043
-1.21933
0.0164914
-0.447595
-2.18475
0.214783
0.319541
-1.0155
-0.808966
0.834833
-0.0154506
-0.0256607
-1.28408
-1.03785
-0.568092
0.223051
-0.373524
0.343926
-1.21072
0.526977
-0.19526
-0.958765
-0.0482908
0.0406055
0.255566
0.689072
1.78102
-1.43657
0.168695
-0.513148
-2.21794
0.000935502
0.435978
-0.849887
-1.26566
0.385529
-0.143876
-0.0159937
0.00214337
0.341775
-1.00622
0.101303
0.0140247
-0.982107
-0.125452
0.0247627
0.442872
-2.29065
-1.9372
-2.27997
0.257357
0.689892
1.91244
-1.53437
0.105429
-0.483499
-2.35316
0.0146197
0.426105
-0.751883
-1.60703
-0.123608
-0.328014
0.0905486
1.28676
1.08984
0.141651
-0.39913
0.105425
-0.0415224
0.081611
-0.0891402
0.169913
-0.714818
-1.24523
-0.481332
0.258217
0.689972
1.83353
-1.43701
0.0708448
-0.467358
-2.29702
0.0626643
0.40083
-0.80288
-1.40769
-0.183728
-0.353149
-0.334765
-0.000775052
-0.300135
0.688944
-0.0846751
0.030778
1.05477
0.186441
0.11795
-0.323021
1.76329
-0.192519
1.645
0.265815
0.686751
1.67924
-1.25387
0.0385323
-0.463895
-2.24531
0.28505
0.281026
-0.948951
-0.942764
-0.163962
-0.121138
0.0476616
-0.171352
-0.476573
0.171308
0.303212
-0.178582
-0.133399
1.72571
-1.05245
-0.382039
0.482933
0.489118
0.607332
0.294246
0.670429
1.57526
-1.15452
0.148659
-0.5694
-2.28689
0.63832
0.0733104
-1.0599
-0.559432
0.0229129
-0.179908
0.388015
0.171727
-0.27027
0.61721
0.217418
-0.560398
0.417004
0.328043
-0.373791
-1.63706
1.66143
1.06068
-0.43476
0.339539
0.646593
1.5046
-0.952881
0.0440117
-0.595736
-2.31344
0.945669
-0.136832
-1.19
-0.15804
0.192427
-0.362706
0.00414815
-0.089763
0.295723
0.276002
-0.688891
0.765634
-0.267082
0.964438
-0.999488
-0.0362905
-0.179812
0.156536
-0.565203
-4.72477
-1.2003
-0.0372646
20.0392
2.60471
2.5648
0.555575
11.4814
-0.59404
-2.69817
-17.7075
-9.65296
-3.73773
23.6452
9.91736
-0.221907
-20.3291
16.1249
-12.8875
-10.8801
73.3577
46.3118
45.5761
40.0928
25.6857
4.68396
31.0607
25.0101
27.9253
11.0762
37.0908
31.3831
39.2932
16.6147
12.851
5.79197
-53.5436
7.48992
31.8155
15.3663
-4.51836
-1.59438
-0.773578
18.2048
17.4004
18.6388
9.80726
19.0765
4.64633
0.525358
10.6099
14.1339
28.8784
7.12086
12.1567
8.88959
10.5263
41.3207
30.0841
10.0878
15.7156
4.92976
1.06307
32.4143
-6.99722
23.5468
17.4621
11.6816
9.25063
2.53135
-3.23755
-6.7792
-4.22275
-5.5158
-34.3458
7.51172
23.5533
18.6961
18.3896
6.28132
66.8531
12.9241
-47.3973
42.6674
101.151
50.7049
-84.0711
50.2445
51.3219
146.634
0
0
30.8995
7.56698
-28.7627
31.1933
2.33657
79.5836
-2.33657
89.3244
1.54532
270.059
0
0
-19.6445
286.983
140.415
58.074
-136.665
315.874
-43.2634
198.206
1.30229e-06
83.4255
0
0
46.4128
243.312
39.0664
0.913971
-30.0002
30.641
30.0002
0.965441
-85.9386
251.134
0
0
40.2563
3.34663
-39.6109
0
-49.0652
227.449
-29.5465
0.023087
9.67741e-06
82.3812
0
0
53.0359
249.29
91.0129
162.278
-16.6827
79.6681
16.6827
4.44418
75.3384
273.799
0
0
-75.1612
4.63199
75.6768
0
-71.931
327.808
-58.203
44.0037
2.99272
59.8292
0
0
86.6341
4.90221
-65.6808
67.2719
-33.3332
198.603
-62.4907
75.1761
72.9828
209.344
0
0
