0.271127
0.3204
0.65754
1.54199
-1.00208
5.27294e-06
-0.539915
-2.31355
0.82288
-0.0513201
-1.07954
-0.42241
0.855094
-0.0402003
-0.25399
0.152222
0.556527
0.456002
-2.93617
1.92364
0.0268373
-1.78462
1.20126
1.03809
-2.93337
1.64371
2.10521
0.312337
0.662361
1.56172
-1.03625
0
-0.525462
-2.31467
0.766418
-0.0134565
-1.04273
-0.523597
0.906234
-0.0821371
-0.198931
0.0859641
0.477192
0.0707315
-2.54959
1.53791
-0.0290721
-1.42669
0.92845
0.950574
-2.58826
1.31627
1.71888
0.305987
0.666071
1.58039
-1.06851
0.00455792
-0.516447
-2.31639
0.717432
0.0183322
-1.00993
-0.613829
0.942538
-0.0450152
-0.167624
0.0988219
0.483342
-0.314054
-2.16475
1.15098
-0.0678025
-1.14014
0.81996
0.656158
-2.23731
0.937942
1.33137
0.300117
0.669186
1.59903
-1.09552
0
-0.501487
-2.31932
0.671843
0.0484481
-0.985008
-0.690975
0.96423
-0.0217865
-0.130269
0.0914511
0.48387
-0.688121
-1.7783
0.765091
-0.107173
-1.18068
0.771138
0.534749
-1.99248
0.560867
0.945192
0.294652
0.672093
1.61777
-1.12498
0.00103905
-0.488245
-2.32162
0.626057
0.0777467
-0.964227
-0.761421
0.977969
-0.00538244
-0.0767931
0.0364623
0.488214
-0.768695
-1.39524
0.388703
-0.0578942
-1.20038
0.627326
0.537606
-1.72761
0.356089
0.562367
0.290977
0.674302
1.63528
-1.14794
0.000412549
-0.485802
-2.32508
0.589808
0.0999917
-0.94343
-0.82604
0.991708
0
-0.0385701
-0.0450194
0.404192
-0.566775
-1.01515
0.0630347
-0.201032
-0.851261
0.410223
0.551934
-1.57404
0.356832
0.177583
0.288283
0.675593
1.65176
-1.16957
0.00204378
-0.484289
-2.33242
0.565117
0.115704
-0.922124
-0.88762
0.998534
-0.00792887
-0.0109195
0.0203821
0.413332
-0.526244
-0.633517
0.0389836
-0.188865
-0.637039
0.30761
0.556889
-1.59021
0.174996
-0.203233
0.285741
0.677138
1.66922
-1.19055
0
-0.478676
-2.33976
0.539152
0.131395
-0.901274
-0.949209
0.997827
-0.0232363
-0.00439199
0.146526
0.547642
-0.595797
-0.44723
0.176216
-0.0762384
-0.670309
0.408789
0.515593
-1.6321
-0.0167107
-0.398868
-14.213
0.773857
11.2954
67.7972
33.4386
19.5503
-8.71145
1.35467
-8.87293
-9.33159
-43.707
-14.4529
11.7865
34.5442
13.0461
3.89122
24.6206
34.4101
-9.00912
-9.66017
-11.8325
-3.45702
5.48607
32.8711
7.86343
7.76106
-29.4459
5.76223
-7.75891
-8.31874
-16.0487
-4.59397
2.94428
46.2554
6.55727
-0.609078
24.5165
29.8703
-11.375
-10.6273
-10.4567
-3.30397
8.88769
22.8761
9.73306
4.97201
-8.28269
14.8428
2.30619
-2.23581
-2.06595
3.34006
9.13961
21.2868
-0.246282
-1.24433
23.0283
34.7589
-3.99274
-6.40603
40.6033
28.4393
23.9272
42.2286
-1.71131
21.7357
5.6618
22.1145
-1.12113
-4.6845
5.83372
6.90277
12.5986
0.598268
-17.1383
2.33654
29.7242
41.3414
8.01591
2.83
7.6334
89.9089
28.6526
13.7848
-31.9094
145.782
95.5548
35.7764
-0.0503929
132.919
0
0
126.242
129.286
-126.322
23.3662
-60.7458
62.7966
73.054
59.7223
78.6793
224.8
0
0
27.0944
67.0219
-15.3647
27.3742
-74.6089
124.67
74.6035
77.3742
-0.106353
288.548
0
0
149.312
49.9715
-115.036
47.7449
-54.7269
89.8355
76.8852
126.423
50.5763
143.685
0
0
-42.3223
107.055
42.3456
56.2332
-56.7045
71.799
56.7057
44.0421
3.27758
196.513
0
0
26.2476
78.9203
-13.9537
20.8529
-78.1079
93.7428
75.923
111.346
63.0178
176.158
0
0
167.426
154.176
-99.0697
41.1241
-141.22
338.929
-3.63274
83.6725
16.9469
192.392
0
0
199.187
96.3502
-173.401
18.1666
-106.151
168.773
14.2264
93.9037
62.5433
178.962
0
0
