2.09899
0.3204
0.65754
1.54199
-1.00208
5.27294e-06
-0.539915
-2.31355
0.82288
-0.0513201
-1.07954
-0.42241
0.855094
-0.0402003
-0.25399
0.152222
0.556527
0.456002
-2.93617
1.92364
0.0268373
-1.78462
1.20126
1.03809
-2.93337
1.64371
2.10521
0.293913
0.672582
1.6103
-1.11725
0
-0.493046
-2.30958
0.615391
0.083888
-0.986618
-0.71971
1.04473
0
-0.021118
-0.132236
0.0157278
-0.88531
-1.7585e-05
-0.957367
0.0132504
-0.448478
0.348458
0.295585
-0.991331
0.63243
0.132398
0.272661
0.671199
1.66307
-1.38272
0.368838
-0.649188
-2.35582
0.537937
0.15481
-0.897985
-0.974276
1.047
-0.00107058
-0.0719598
0.0136199
0.217117
-1.44946
1.23005
-0.000746903
-0.328804
-0.0414107
0.236522
0.259464
-0.768021
0.00756569
-0.180872
0.251083
0.67678
1.73709
-1.52427
0.435231
-0.648044
-2.3562
0.336438
0.282676
-0.851878
-1.20306
1.04594
-0.0604669
-0.0438878
0.0389433
0.278312
-0.463015
-0.0212539
0.564551
0.354389
-0.671989
0.426422
0.141596
-0.716916
-0.090155
-0.626755
0.254264
0.686804
1.81758
-1.51192
0.245523
-0.551188
-2.32524
0.135819
0.371833
-0.81028
-1.38123
1.01891
-0.248403
0.0928353
-0.00914744
-0.353698
0.92607
-0.82002
0.32301
0.103258
0.629728
-0.396059
-0.849398
0.169691
-0.133065
-1.48729
0.271521
0.684061
1.69146
-1.23713
0
-0.454331
-2.29428
0.371375
0.23144
-0.916733
-0.994222
0.979006
-0.178734
0.0512833
-0.0700426
-0.48974
1.28137
-0.0219565
-0.217761
-0.10582
0.785561
-0.468202
-0.346843
1.29064
-1.33844
0.251459
0.286898
0.676297
1.65144
-1.17061
-1.46037e-14
-0.480835
-2.32601
0.54976
0.124802
-0.929241
-0.88013
0.630094
-0.00431534
-0.0526287
0.00407519
0.154127
0.221839
-5.33178e-08
0.265092
-0.090137
0.23167
-0.332554
0.263145
0.38049
-1.1636
0.780756
0.283047
0.678289
1.65742
-1.18336
0.000210094
-0.474268
-2.31674
0.510459
0.14886
-0.93214
-0.893801
0.62343
0
0.00383218
0.00901857
0.0165117
-0.042537
0.0182885
0.0219002
0.0531631
-0.131068
0.0802335
-0.00966824
-0.0455923
-0.0222256
0.01439
-25.2469
-13.1065
-3.26058
92.6598
23.4039
1.19798
5.13878
9.88808
-5.24408
-6.80021
-4.42231
-1.03832
3.73139
83.5743
15.4903
2.91058
-8.64733
6.15566
2.46525
-1.90543
4.85484
-0.247185
2.14858
71.1519
9.04671
-0.967889
-0.355136
9.78675
6.90692
3.51516
-8.19953
-16.0234
-5.76644
34.4697
5.78587
-9.6119
-11.7063
25.7417
4.48432
-0.566718
-2.26081
-4.54279
-1.85214
42.4089
11.0861
-18.6727
22.9848
45.3258
1.2418
0.287
19.9185
12.8971
11.521
14.8386
-12.4174
-2.51951
17.8227
20.4302
9.62245
6.49541
-27.1299
-6.05616
18.3671
32.0367
8.80607
9.91649
15.9182
33.1124
20.2857
7.07309
10.7522
8.55858
11.029
0.117169
-17.9262
0.458846
26.9437
36.3607
13.4369
4.60296
18.2642
17.1671
-28.2184
33.0795
34.3465
97.0935
47.8718
185.801
24.5768
110.881
0
0
31.4004
46.9415
-31.4004
14.3636
4.22117
188.185
-4.22117
205.459
1.79977e-15
130.801
0
0
53.3208
30.3303
-53.0702
25.5465
-11.5554
177.38
-12.6615
208.515
-5.03081
122.145
0
0
-48.8459
13.6336
82.9293
101.827
-11.3504
57.1176
-7.1371
152.165
-1.40097e-14
222.053
0
0
-65.5248
20.2848
71.7578
49.1249
-4.97759
88.053
-6.55524
267.998
52.8596
174.624
0
0
-22.8355
72.9788
49.5663
10.3203
-57.3588
178.67
-55.0726
142.867
0.141647
102.59
0
0
7.08235
162.424
-7.08235
7.11178
-6.96912
140.691
-9.18777
57.6789
59.7625
203.891
0
0
14.9462
85.3699
22.7303
32.1364
-46.896
164.647
-46.7235
105.64
55.9332
166.481
0
0
