2.10202
0.3204
0.65754
1.54199
-1.00208
5.27294e-06
-0.539915
-2.31355
0.82288
-0.0513201
-1.07954
-0.42241
0.855094
-0.0402003
-0.25399
0.152222
0.556527
0.456002
-2.93617
1.92364
0.0268373
-1.78462
1.20126
1.03809
-2.93337
1.64371
2.10521
0.300503
0.668992
1.58562
-1.08103
0
-0.504591
-2.30549
0.671967
0.0479071
-1.02291
-0.615062
0.903818
-0.0447447
-0.066263
-0.256707
-0.338402
-0.262947
-1.75594e-05
0.117539
0.0214966
-0.403293
0.330451
-0.565614
-0.406501
-0.0177691
-0.0585401
0.288815
0.675022
1.61689
-1.15997
0.05489
-0.511802
-2.30006
0.571058
0.112117
-0.989309
-0.73711
0.898493
-0.0707085
-0.0387104
0.0221822
0.104138
-1.58024
0.184509
-0.53369
-1.07445
-0.273704
0.0638505
0.111941
-0.559762
-1.26716
-0.202501
0.2779
0.680774
1.64815
-1.20732
0.049072
-0.489908
-2.28561
0.454879
0.182581
-0.96588
-0.842995
0.889813
-0.0803498
-0.0362248
-0.00315726
0.343958
-0.157653
-0.678722
0.101003
0.100461
-0.919632
0.265
0.0590094
-0.219615
0.103977
-0.0243755
0.267276
0.686122
1.66145
-1.23194
0.0351342
-0.46464
-2.23602
0.305401
0.269169
-0.979218
-0.868294
0.921054
-0.083372
0.0138822
0.0295596
0.0170541
0.542964
-0.0462645
0.0841359
0.748703
-0.47114
0.442805
-0.407334
0.0433124
0.329773
0.00431973
0.266145
0.686736
1.6636
-1.23798
0.0389644
-0.464582
-2.22899
0.284601
0.280784
-0.979733
-0.873433
0.92059
-0.0820904
-0.00542857
-0.000296259
-0.000550415
-0.21491
0.453185
-0.3454
0.0168007
-0.0500512
0.0386986
0.00570052
-0.342962
-0.245408
0.146904
0.265311
0.687104
1.66654
-1.24643
0.0471874
-0.467296
-2.22535
0.269574
0.289243
-0.977399
-0.883232
0.902171
-0.0829878
-0.00247445
0.00133817
0.00974865
-0.00678727
0.0178238
0.00860004
-0.0130902
-0.0458751
-0.146817
0.0138772
-0.0293846
0.0940475
-0.374898
0.264607
0.687506
1.66954
-1.24785
0.0415348
-0.463226
-2.22149
0.254373
0.29758
-0.974911
-0.89308
0.90959
-0.090599
-0.000595021
0.010101
0.0174748
0.0315594
-0.155849
0.0681964
0.022329
-0.0783958
0.0814087
0.00695278
-0.0327172
-0.084217
0.10523
11.6729
6.15121
0.559209
54.438
2.88051
3.54778
-4.41655
2.59949
-4.81491
-5.57691
-18.6376
-8.78597
0.917197
54.5172
3.47787
1.78177
12.4105
28.386
-6.09854
-8.19488
-12.395
-9.72148
1.76659
30.7286
-3.76963
-0.0970596
4.15765
13.1142
19.6089
11.2229
7.48119
3.36328
8.94132
38.366
6.47519
2.02052
-2.54974
19.9092
16.7682
5.26159
1.60073
3.03426
5.2341
41.615
14.0434
2.01126
-6.07995
13.2038
4.73474
2.53477
10.7608
6.15119
8.09812
25.5227
5.26851
-0.0943042
-0.0580484
19.5437
9.54609
2.10286
11.2619
7.13927
9.4235
22.6125
5.31351
1.48453
-3.08772
18.2176
10.9485
4.86923
11.8496
8.0368
9.87363
16.274
2.75454
0.761721
-1.40384
20.7253
9.91267
3.69645
23.2766
0.0427754
-23.1193
0.242307
2.83145
126.948
-3.04269
124.799
25.1174
71.7657
0
0
15.428
46.343
-6.68903
42.3207
2.65809
174.924
-3.00394
184.674
45.7127
239.176
0
0
6.27993
51.2184
-6.29827
39.808
-17.6342
130.422
-15.9918
122.618
-0.00170842
145.141
0
0
20.6516
95.0478
10.5629
84.1278
-28.0624
128.738
-26.0174
114.654
23.0985
187.92
0
0
14.4758
51.5991
12.1966
24.7163
-12.0221
151.549
-10.7385
135.64
3.00045
182.405
0
0
21.0694
71.707
19.2707
49.5089
-24.1312
136.584
-22.116
115.597
6.34199
180.039
0
0
21.3992
80.2957
23.2117
47.7585
-26.5883
134.864
-24.8916
104.495
6.82092
188.998
0
0
20.4429
82.6004
24.3854
47.3775
-30.2397
129.705
-24.6631
97.6498
10.0733
196.945
0
0
