0.25851
-0.0464
0.746369
-0.169224
0.0257757
0.185874
-0.0424254
-1.0044
0.1504
0.2794
-0.665401
-0.6273
0.6999
-0.2915
1.43372
0.0481713
0.695628
1.1181
0.804971
-2.61869
-0.832734
2.26485
-1.272
1.17022
-1.84471
-0.871287
-1.09176
0.00216401
0.746041
-0.139465
0.0563782
0.215346
-0.132259
-1.02191
0.240866
0.232408
-0.627718
-0.688061
0.679506
-0.328546
1.30814
-0.0680841
1.01058
0.751362
0.739338
-2.40119
-0.464801
2.45746
-1.38376
0.837159
-1.6135
-0.552281
-1.00316
0.0479719
0.742242
-0.0979957
0.0721375
0.243252
-0.217394
-1.02575
0.331614
0.187677
-0.596804
-0.747649
0.673485
-0.362841
1.23301
-0.189707
1.22726
0.393657
0.755951
-2.28903
-0.125856
2.29808
-1.21065
0.474425
-1.70253
-0.201773
-0.92866
0.0928745
0.735169
-0.0465136
0.0773872
0.270805
-0.301678
-1.01869
0.416462
0.151863
-0.579286
-0.810486
0.672542
-0.397087
1.17502
-0.240282
1.4618
0.0734736
0.452055
-2.00165
0.190979
1.96942
-0.968851
0.135449
-1.70008
0.157047
-0.933361
0.134247
0.726048
0.0168518
0.0714966
0.287496
-0.375844
-0.9985
0.489189
0.12813
-0.574287
-0.861152
0.678343
-0.4305
1.11949
-0.237259
1.74022
-0.226757
0.499327
-2.12713
0.546614
1.63641
-0.640319
-0.197143
-1.35314
0.40723
-0.9012
0.176036
0.713591
0.0833374
0.0621247
0.308934
-0.454396
-0.964584
0.549617
0.10445
-0.581135
-0.899904
0.693386
-0.463486
1.13156
-0.339827
1.81207
-0.330842
0.792681
-2.39776
0.86675
1.27734
-0.643018
-0.190698
-1.04931
0.561845
-0.898376
0.219003
0.697018
0.150275
0.0526981
0.337441
-0.540414
-0.93257
0.596783
0.0794591
-0.574726
-0.92821
0.714138
-0.495546
1.16596
-0.530315
1.82074
-0.0772713
0.745724
-2.32916
0.812683
1.2756
-1.0112
0.173748
-0.76645
0.827677
-0.855618
0.263963
0.676398
0.217514
0.0539938
0.354882
-0.62639
-0.902551
0.643157
0.0418798
-0.568317
-0.953398
0.744706
-0.527288
1.26169
-0.566648
1.66837
0.0350324
0.433863
-2.02891
0.47314
1.0276
-1.2916
0.167377
-0.681993
0.879053
-1.05786
-57.692
-35.4388
8.64246
33.7368
18.0181
3.31164
-5.58755
0.272791
22.1431
10.0467
-59.7902
-32.2547
21.9491
29.3787
16.3186
3.6711
-10.06
-2.85456
33.6965
18.956
-4.80169
2.06985
31.9056
0.346208
1.13909
0.620487
-24.0154
-14.2035
15.6637
6.50137
-57.0946
-37.4629
34.8392
11.5371
9.23812
2.38729
-8.36422
-0.120452
32.9821
16.8335
-28.6508
-14.7055
36.5229
6.39596
6.68512
1.8558
-10.0764
-2.1062
12.768
4.43663
-3.94286
3.42387
35.2103
-12.3604
-3.76165
-1.37795
10.7377
7.78986
9.38196
4.34091
-7.63809
-3.93397
28.644
-19.6143
-3.09854
-1.12412
15.7975
11.0901
15.1876
7.35828
-33.7809
-23.4186
28.2137
97.4331
42.5904
20.2097
-39.5142
-24.3704
-13.1485
-15.4081
-41.729
238.961
-73.9948
91.6786
0
0
0
0
0
0
0
0
-71.2265
326.869
-65.5658
63.9658
0
-1.69205e-13
0
0
0
0
0
0
-33.0993
300.023
33.0993
38.1733
0
-1.35093e-14
0
0
0
0
0
0
-33.0403
445.329
-28.7956
146.119
0
0
0
1.19311e-14
0
0
0
0
-6.15645
371.137
6.15645
92.7454
0
9.36528e-16
0
0
0
0
0
0
47.1495
274.154
-38.7395
3.08605
0
-2.40249e-15
0
-1.99202e-23
0
0
0
0
7.56262
227.655
-7.56262
10.2101
0
0
0
1.01548e-15
0
0
0
0
105.463
269.596
47.7641
168.197
62.3
225.084
65.3962
139.763
0
0
0
0
