0.409088
-0.0464
0.746369
-0.169224
0.0257755
0.185874
-0.0424254
-1.0044
0.1504
0.2794
-0.6654
-0.6273
0.6999
-0.2915
1.89612
0.108909
1.83794
1.31265
-0.432167
-2.71842
-0.891093
2.2443
-1.2768
1.11607
-1.84407
-1.14485
-1.22711
0.0642889
0.742233
-0.0762991
0.100327
0.1937
-0.217727
-1.09059
0.247887
0.170659
-0.600176
-0.73507
0.599609
-0.329822
1.9599
-0.137104
1.58954
1.11192
0.133896
-3
-1.47477
1.66812
-1.86067
0.540519
-1.26173
-1.7161
-0.655731
0.170476
0.719685
0.0165956
0.168211
0.208244
-0.393051
-1.21078
0.311663
0.0280502
-0.568587
-0.808807
0.466028
-0.339418
1.91196
-0.476564
1.77359
1.26254
0.367843
-2.98333
-2.0566
1.09129
-2.4401
-0.0428161
-0.690074
-2.28574
-0.148799
0.276414
0.677804
0.120246
0.242094
0.206034
-0.568374
-1.36491
0.341789
-0.142366
-0.571995
-0.849137
0.299152
-0.325945
1.82026
-0.96734
2.10034
1.26688
-0.0382795
-3
-2.63739
0.515493
-2.93421
-0.623031
-0.127083
-2.85545
0.252978
0.375499
0.616691
0.242993
0.304601
0.196054
-0.743698
-1.54023
0.33781
-0.31765
-0.608406
-0.822458
0.12398
-0.311169
1.70095
-1.42868
2.5504
1.06959
-0.330283
-3
-3
-0.068091
-2.99917
-1.18666
0.456553
-2.9974
0.144866
0.468217
0.533044
0.392042
0.366511
0.160468
-0.919021
-1.71556
0.300333
-0.492974
-0.677755
-0.794384
-0.0513435
-0.302829
1.59442
-1.80833
3.04393
0.912904
-0.617768
-2.87034
-2.92452
-0.650302
-2.99995
-1.7684
0.480424
-3
-0.430723
0.548142
0.425308
0.569934
0.427674
0.0967371
-1.09434
-1.89088
0.228323
-0.668297
-0.781103
-0.766309
-0.226667
-0.327318
1.52675
-2.16476
3.54326
1.15253
-1.15521
-3
-2.99998
-1.23219
-3
-2.33361
-0.0849778
-2.98051
-0.861588
0.607729
0.291084
0.777007
0.495029
0
-1.26967
-2.0662
0.12248
-0.843621
-0.917482
-0.771278
-0.40199
-0.377677
1.49228
-2.43402
4.11287
1.68137
-1.70536
-3
-2.99928
-1.81111
-2.61692
-2.89993
-0.656514
-3
-1.29499
99.9982
73.2788
51.7184
-73.0974
-33.0244
-6.6721
-20.8974
-10.5746
-11.829
-6.30573
42.5815
34.1986
47.3498
-45.6036
-20.7666
-4.48795
-10.7924
-3.47796
-2.17539
-0.716753
13.0147
9.55282
18.7287
-25.9874
-13.1846
-3.26096
-1.83992
1.44132
-2.13167
0.658251
4.44157
-0.118597
0.221296
-18.4057
-10.0934
-2.59968
3.05556
4.08292
-4.21525
-0.40713
-22.6957
-10.9046
8.28235
0.00643851
-0.385447
-0.109417
5.92075
6.18438
8.34749
3.92341
-6.64873
-5.66533
2.4508
9.08777
2.95624
-0.00860207
-7.95174
-6.35811
-6.81571
-4.84401
-7.14447
-6.76725
6.72609
-14.1816
-6.61056
-1.22337
-3.25447
-3.48846
15.6331
8.83646
-12.537
-10.2076
7.59931
12.6779
5.70004
1.34648
-0.0487157
-3.06437
-2.64195
-2.8359
607.393
347.52
-485.761
1.15243e-13
0
0
-1.9387e-26
0
0
0
0
0
348.929
358.12
-344.065
0
0
0
0
0
0
0
0
0
-50.4265
134.374
64.7422
-1.92433e-16
0
0
-2.81427e-15
0
0
0
0
0
-577.979
10.1234
577.979
-1.4931e-16
-1.7247e-13
0
-1.13709e-15
0
0
0
0
0
-335.957
88.6274
304.937
0
0
1.28048e-14
0
-1.90604e-14
0
0
0
0
255.155
37.359
-268.41
0.512496
0
2.23958e-14
0
0
0
0
0
0
-584.6
81.8539
555.75
0.57489
0
9.28517e-14
1.1971e-13
0
0
0
0
0
-92.8245
95.1694
59.5152
0
1.06732e-24
-6.64171e-15
-1.36091e-13
-4.96366e-15
0
0
-1.80392
12.0035
