0.424727
-0.0464
0.746369
-0.169224
0.0257755
0.185874
-0.0424254
-1.0044
0.1504
0.2794
-0.6654
-0.6273
0.6999
-0.2915
1.89612
0.108909
1.83794
1.31265
-0.432167
-2.71842
-0.891093
2.2443
-1.2768
1.11607
-1.84407
-1.14485
-1.22711
0.058497
0.742965
-0.0895562
0.105421
0.191979
-0.207844
-1.09528
0.25024
0.238134
-0.597682
-0.73919
0.593919
-0.329611
2.03435
-0.0561081
1.31302
1.80322
0.100578
-2.7706
-1.49785
1.64549
-0.679319
0.51562
-1.24143
-1.74669
-0.628101
0.171748
0.719654
-0.0230442
0.21483
0.198084
-0.38987
-1.22148
0.314847
0.233499
-0.601661
-0.814514
0.452881
-0.33115
2.10651
-0.523584
1.0962
2.13415
0.3655
-3
-2.07988
1.06478
-0.0763949
-0.0655789
-0.639632
-2.32446
-0.0253619
0.285073
0.674153
0.0434678
0.344323
0.184105
-0.571896
-1.38427
0.342908
0.265508
-0.642125
-0.853324
0.275385
-0.296329
1.97072
-1.08751
1.51851
2.1883
-0.230349
-2.62934
-2.683
0.462486
0.527557
-0.666884
-0.0362599
-2.92535
0.573918
0.394031
0.603935
0.135603
0.471056
0.147264
-0.753922
-1.5663
0.334281
0.33394
-0.718962
-0.855526
0.0933587
-0.251881
1.79575
-1.55513
2.11693
2.08867
-0.80315
-3
-3
-0.14219
1.12785
-1.26637
0.570232
-3
0.732557
0.490046
0.509576
0.264046
0.576334
0.095568
-0.935948
-1.74832
0.289193
0.439183
-0.832055
-0.82093
-0.0886673
-0.207433
1.62886
-1.94276
2.71938
1.73506
-1.15964
-3
-2.85673
-0.748569
1.73453
-1.86392
1.17242
-2.76407
0.322236
0.567091
0.391699
0.429044
0.663725
0.0252052
-1.11797
-1.93035
0.207149
0.572738
-0.981437
-0.749796
-0.270693
-0.187879
1.48177
-2.30501
3.31624
1.19159
-0.897707
-3
-3
-1.35219
2.1912
-2.4678
1.76169
-3
-0.274646
0.62072
0.25157
0.630257
0.700282
0
-1.3
-2.11238
0.0891067
0.733
-1.16346
-0.64291
-0.452719
-0.204539
1.34212
-2.37916
3.90967
0.602438
-0.293686
-3
-3
-1.94548
2.64127
-3
2.34227
-3
-0.280698
94.88
68.7575
70.9571
-72.7727
-30.5676
-4.90761
-23.2055
-11.0137
-6.94812
-4.66436
93.8855
67.8463
54.6609
-69.1838
-30.5585
-5.13601
-21.4869
-10.8694
-13.1663
-7.23595
8.56124
2.60217
1.79937
-17.4146
-9.23389
-1.38384
0.0448228
2.24978
-2.86544
0.643445
-17.4836
-10.2968
9.31422
-8.3166
-4.12021
-0.32001
4.32784
5.68385
3.84259
4.69197
-32.1867
-17.4376
6.12353
6.41328
2.77903
1.10624
5.33562
6.06197
14.7967
8.41764
-31.1148
-14.8225
8.05064
15.0694
6.97545
2.01392
7.19142
6.48299
4.91611
1.85275
0.00492332
-0.372874
1.20062
-19.1159
-8.78091
-1.16612
11.8963
7.92327
-8.04867
-5.81421
-15.7621
-8.913
11.4141
-3.35847
1.39658
1.77682
10.0275
5.86957
-60
-30.1756
-226.807
555.735
226.807
0
0
0
0
0
0
0
0
0
-196.476
343.85
316.823
2.22923e-14
0
0
0
0
0
0
0
0
-25.5773
11.0053
25.5773
-3.32223e-14
0
0
0
0
0
0
0
0
102.299
100.284
-137.404
0
0
-1.33802e-16
0
0
0
0
0
0
138.527
88.207
-169.399
0
0
0
0
0
0
0
0
0
-34.6442
89.33
3.37868
0
0
-1.42415e-13
0
0
0
0
0
0
-146.655
26.4154
137.41
0
0
0
0
0
0
0
0
0
452.906
111.697
-492
0
0
-8.14761e-14
0
-1.33659e-13
0
0
-127.355
363.872
