1.7008
-0.0464
0.746369
-0.169224
0.0257755
0.185874
-0.0424254
-1.0044
0.1504
0.2794
-0.6654
-0.6273
0.6999
-0.2915
1.89612
0.108909
1.83794
1.31265
-0.432167
-2.71842
-0.891093
2.2443
-1.2768
1.11607
-1.84407
-1.14485
-1.22711
-0.0346281
0.746702
-0.285153
0.225741
0.0808696
-0.112574
-0.635694
0.879316
0.514407
-0.0689696
-0.544122
0.685396
-0.287468
2.36351
-0.302132
-0.477135
0.823006
-0.0710018
-0.288702
1.5175
3
0.899793
2.45467
0.342412
-0.0596893
0.0165845
0.0297417
0.746916
-0.397957
0.425706
0.0809939
-0.117032
-0.0779455
1.60823
0.732999
0.527461
-0.282723
0.670893
0
1.38359
0.000878582
0.271198
0.00463597
0.00049566
-0.0183494
2.29556
1.21905
1.11248
1.63589
1.79891
-2.16277
1.18314
0.0180142
0.747129
-0.23907
0.207804
0.160539
-0.129273
0.394959
1.68273
0.72411
0.367194
0
0.145402
9.18959e-09
-0.048269
0.378783
2.3496
-1.30288
0.327417
-0.568939
0.518843
0.305204
-0.0365666
-0.659782
1.28052
-2.10962
-0.000449151
-0.0408274
0.744754
0.299817
-0.461876
0.240091
-0.0780321
0.627677
1.57891
0.678492
0.206927
-0.0133061
-0.367183
-9.36797e-05
-0.274071
-0.132937
2.21785
-2.75618
0.706644
0.263571
0.95964
-1.08344
-0.187854
-0.236446
-0.0549645
-1.01015
-0.000301088
-0.10742
0.730088
0.579319
-0.927149
0.400414
-0.0525838
0.638823
1.56528
0.633466
0.149512
-0.37875
-0.606042
-0.00974144
-0.00806227
-0.0267923
1.06361
-1.50927
0.440328
-0.0375744
0.0029814
-0.00827777
0.434391
1.10186
-1.50854
0.754559
-0.0396744
-0.109271
0.726716
0.713687
-1.08762
0.445272
-0.0713429
0.450769
1.62583
0.675576
0.245813
-0.731378
-0.409321
-0.107489
-0.00665971
0.239946
0.536986
-0.564017
0.183922
-0.150509
-0.782204
0.691409
0.163811
0.396352
-1.33246
0.826618
-0.632159
-0.110976
0.726739
0.716725
-1.09133
0.441319
-0.0667149
0.374996
1.63299
0.667882
0.255076
-0.922911
-0.239573
-0.157801
-0.00673021
-0.000233883
0.00958837
-0.0129191
-0.018101
0.0387969
-0.0174111
0.0254001
-0.0531388
0.0347926
-0.141335
-0.0136692
0.0170903
39.6108
44.0584
68.8964
-32.3213
-10.728
-1.04605
-4.92314
-1.37053
18.8516
9.15551
19.594
41.0844
62.3322
-5.13981
5.64125
2.36544
-2.14978
-1.3159
-5.15451
-5.2486
-100
-20.0803
99.9989
10.7671
16.1162
2.00137
10.889
3.6904
18.119
8.50151
-29.5013
-5.88924
36.7301
20.4558
7.02645
-0.0948176
-8.80065
-6.7629
5.98906
1.79969
29.1627
27.9423
45.827
8.93948
5.98608
0.752186
13.3884
5.34264
7.90817
5.30049
92.952
12.9764
23.0359
17.7253
3.48917
-0.213141
4.54824
-4.32235
3.22123
-0.166294
72.0891
31.6807
54.9358
15.4525
-0.501961
-0.954005
10.6571
3.06075
-2.88667
-2.91646
58.1319
-0.781087
10.6329
20.3913
3.41485
-0.199813
9.92091
0.296621
7.25571
1.90569
-634.843
581.086
634.815
0
0
1.61436e-13
0
0
0
0
0
0
-1233.9
311.031
1219.86
-3.17914e-15
0
0
0
0
0
0
0
0
-1027.2
1008.82
674.111
4.89407e-16
0
-9.07616e-14
0
-2.46099e-13
0
0
0
0
-265.051
361.297
187.546
0.440432
0
0
0
0
0
0
0
0
58.8101
380.102
-58.8199
0.0838947
0
0
0
0
0
0
0
0
235.939
441.27
-241.472
317.075
0
0
0
1.10314e-16
0
0
0
0
-352.405
470.831
318.489
3.69664
0
0
0
-3.6943e-15
0
0
0
0
-374.528
294.47
374.527
259.796
0
0
0
0
-3.4009e-16
0
0
0
1.51095
-0.0464
0.746369
-0.169224
0.0257755
0.185874
-0.0424254
-1.0044
0.1504
0.2794
-0.6654
-0.6273
0.6999
-0.2915
1.89612
0.108909
1.83794
1.31265
-0.432167
-2.71842
-0.891093
2.2443
-1.2768
1.11607
-1.84407
-1.14485
-1.22711
-0.173882
0.750261
-0.407726
0.108386
0.17296
-0.163293
-1.19674
0.797951
0.216985
-0.0684365
-1.02534
0.903635
-0.167305
1.14888
0.031871
2.62294
-0.322546
-0.0579867
-0.55992
-2.22444
3
-0.290454
2.76564
-2.95611
0.943873
0.575376
-0.139466
0.755292
0.158144
-0.40331
0.160444
-0.0939013
-1.54069
1.4455
0.15457
0.528527
-1.66303
1.03544
-0.03762
0.0660414
0.420524
3.02009
-2.37061
0.596905
0.784233
-1.59343
2.42683
-0.345698
2.25351
-2.95436
0.610647
0.662525
-0.125299
0.730586
0.527707
-0.877416
0.349818
-0.00268871
-1.50521
1.96933
0.0801047
1.01495
-2.17031
1.047
-0.01881
0.0779392
-0.11442
1.71212
-2.14987
1.20135
0.326586
0.164375
1.61254
-0.69603
1.97381
-2.35014
0.0535414
0.0871437
-0.135062
0.688282
0.674493
-1.27003
0.784255
-0.188733
-1.39692
2.3174
0.0719936
1.047
-2.25617
0.948714
0
0.234283
-0.311349
0.68004
-1.80768
2.16067
-0.86672
0.501681
-0.518586
-0.0375773
-0.0209617
-0.397802
-1.06268
0.196902
-0.0889653
0.621563
0.582177
-1.35068
1.25064
-0.482524
-1.371
2.17841
-0.227205
0.942583
-2.02431
0.719334
-0.00791744
0.411811
-0.547266
-0.42769
-0.290258
1.69982
-1.36109
-0.0316415
-1.23777
-1.44018
-1.24621
1.07417
-0.482597
-0.0366802
-0.0402551
0.554089
0.48986
-1.34394
1.59284
-0.742137
-1.38333
1.91123
-0.538083
0.673588
-1.79246
0.709135
-0.0287301
0.225667
-0.305063
-0.421939
0.280003
0.52597
-0.753363
-0.274108
-0.714332
-1.08653
-0.835775
0.858594
0.31479
-0.0964216
-0.0328397
0.528955
0.428438
-1.32232
1.69854
-0.804355
-1.43981
1.79646
-0.772246
0.592518
-1.60713
0.777082
-0.0311597
-0.0104318
-0.0014851
0.00712007
-0.0269503
0.0689299
-0.286271
-0.0198295
0.00229504
0.00412754
-0.00499068
-0.00827537
-0.00241041
-0.00401766
-6.29594
-0.255831
9.10147
-19.1052
-9.31654
-1.22237
8.03057
6.51502
22.9878
15.1897
-5.68084
21.4442
99.9954
-31.6394
-0.578746
0.726511
-7.56925
-9.54088
36.7719
17.1081
53.9203
71.8359
95.5621
-8.47892
4.34315
0.273454
-0.971066
-7.18089
-9.81466
-8.38524
89.0565
53.5256
61.1236
-16.2444
3.26355
0.526788
-0.0371876
-5.09956
4.70422
-0.277132
100
23.0648
50.9551
-10.114
1.65031
-0.557339
2.09613
-3.91261
3.60519
-2.35344
83.1965
-31.7392
49.6126
-17.4428
4.7612
-0.437534
5.49658
-3.81644
25.7719
10.2356
49.9792
-86.5709
83.2121
7.75711
20.2235
3.3846
15.2837
-2.32589
21.6443
7.95861
47.5466
-77.96
45.4127
-10.079
6.13444
-0.176029
6.57461
-3.35774
16.48
5.59918
-1315.35
86.1969
1315.08
2.05391e-15
0
1.38835e-13
0
0
0
0
0
0
-2606.13
198.352
2266.71
771.418
-3.60874e-17
6.99721e-15
-2.83647e-14
0
0
0
0
0
-1842.52
234.992
1756.6
14.2549
-2.18676e-13
0
0
7.33062e-14
0
0
0
0
-3419.92
490.48
3405.45
8.4004
0
2.84306e-13
0
-1.77537e-14
0
0
0
0
4611.26
445.913
-4616.6
40.9734
1.05134e-24
0
0
-6.63326e-15
0
0
0
0
-3681.99
463.806
3681.99
87.7884
0
-9.89822e-15
0
0
0
0
0
0
-11518
688.926
11421
7.89597
0
1.47354e-13
0
-1.843e-16
0
0
0
0
5851.99
447.334
-5851.99
106.943
0
0
0
0
0
0
0
0
