0.25
-0.0464
0.746369
-0.169224
0.0257755
0.185874
-0.0424254
-1.0044
0.1504
0.2794
-0.6654
-0.6273
0.6999
-0.2915
1.89612
0.108909
1.83794
1.31265
-0.432167
-2.71842
-0.891093
2.2443
-1.2768
1.11607
-1.84407
-1.14485
-1.22711
0.0166649
0.746927
-0.103584
0.0652913
0.170461
-0.132169
-1.04393
0.231478
0.243151
-0.63819
-0.680422
0.671738
-0.322594
1.76582
-0.0230725
2.19002
0.979348
-0.418525
-2.43412
-1.10682
2.2707
-0.949478
0.761888
-1.48741
-0.788536
-0.870619
0.0758701
0.741906
-0.0253685
0.0881363
0.15182
-0.214587
-1.0911
0.312574
0.215392
-0.623534
-0.720796
0.655939
-0.341069
1.65774
-0.143142
2.52947
0.63966
-0.521962
-2.12053
-1.32071
2.28553
-0.777264
0.410383
-1.13037
-0.435926
-0.517015
0.132311
0.732076
0.0649696
0.0994768
0.125216
-0.289662
-1.144
0.3942
0.192349
-0.621386
-0.748436
0.643454
-0.346912
1.58034
-0.289611
2.8159
0.30527
-0.83137
-2.02348
-1.48738
2.29402
-0.649306
0.0601408
-0.773941
-0.349579
-0.163602
0.187173
0.717415
0.165537
0.101857
0.0943655
-0.36176
-1.19711
0.468021
0.17849
-0.621728
-0.763633
0.630969
-0.346321
1.53613
-0.4838
3.02304
0.0591997
-0.956981
-1.97485
-1.41384
2.06697
-0.384568
-0.094057
-0.425515
-0.407085
0.162816
0.242012
0.697249
0.273503
0.100519
0.0610921
-0.435114
-1.24759
0.534366
0.173462
-0.6251
-0.773226
0.616528
-0.340853
1.53908
-0.722846
3.11076
-0.0389154
-0.853794
-2.08144
-1.20309
1.85436
-0.134339
-0.116829
-0.268604
-0.34832
0.153126
0.296979
0.670845
0.384602
0.0983933
0.0308988
-0.513894
-1.29056
0.59958
0.176766
-0.629306
-0.78219
0.610825
-0.340528
1.56225
-0.951976
3.2038
-0.0646663
-0.739741
-2.24377
-1.11855
1.82211
0.14872
-0.191758
-0.133448
-0.159496
-0.0915534
0.352773
0.636824
0.499023
0.100006
0
-0.599029
-1.33796
0.65679
0.182143
-0.636164
-0.783249
0.609958
-0.344091
1.60161
-1.15653
3.22713
0.0796233
-0.866578
-2.41486
-1.32742
1.5904
0.181109
-0.421363
0.0061661
0.00361751
-0.299267
-28.6139
-9.71511
32.4735
-5.42787
0.738368
1.01654
-2.64731
1.91665
34.7952
20.4911
-37.9565
-12.67
32.3168
3.5588
4.22811
1.64822
-1.57012
2.38586
33.8394
20.1519
-23.2779
-2.55025
37.027
-11.2474
-1.30118
0.0352955
-1.14886
2.40173
31.3166
18.8779
-23.2243
-6.54695
18.9137
4.23684
4.6451
1.44026
0.785552
2.66659
7.78536
6.23125
-24.9887
-8.91996
11.073
1.18299
1.60926
0.706893
14.41
9.72682
11.684
8.48025
-5.64102
-0.662144
3.48846
8.32425
6.11659
1.64252
0.0441209
-1.30017
-7.07893
-5.06527
-16.7812
-3.41546
15.1022
-6.34586
1.7989
1.00673
9.64712
6.92566
11.5733
5.98642
-7.46052
-5.51994
-0.425138
46.484
20.4098
6.55267
-13.6993
-10.3175
-7.9365
-6.30233
-405.21
352.831
281.673
0.130922
0
0
0
0
0
0
0
0
-492.622
338.507
374.144
1.05005e-14
0
0
0
0
0
0
0
0
-278.795
339.63
232.268
0.92359
-2.36382e-13
0
0
-2.05675e-13
0
0
0
0
-425.289
181.197
408.918
2.77911
-1.39306e-13
0
0
0
0
0
0
0
-614.816
112.409
582.058
0.1694
0
0
0
0
0
0
0
0
581.819
37.4204
-581.819
1.92882
-8.20085e-14
0
0
0
0
0
0
0
-703.485
137.665
705.197
27.8896
0
-3.58983e-24
0
0
0
0
0
0
-482.601
14.2734
483.923
0.0418073
17.9733
95.5734
41.4664
74.2543
0
0
0
0
