0.250075
-0.0464
0.746369
-0.169224
0.0257755
0.185874
-0.0424254
-1.0044
0.1504
0.2794
-0.6654
-0.6273
0.6999
-0.2915
1.89612
0.108909
1.83794
1.31265
-0.432167
-2.71842
-0.891093
2.2443
-1.2768
1.11607
-1.84407
-1.14485
-1.22711
0.0181555
0.746856
-0.103546
0.067571
0.170435
-0.13446
-1.04282
0.230577
0.246469
-0.632097
-0.680562
0.671641
-0.322749
1.80648
-0.0498726
2.10598
0.96556
-0.431661
-2.44259
-1.11778
2.25129
-0.921565
0.914431
-1.48885
-0.791018
-0.873822
0.0792884
0.741465
-0.0283103
0.0973226
0.149965
-0.218977
-1.0843
0.308168
0.226279
-0.605722
-0.722016
0.64343
-0.353757
1.71076
-0.196063
2.43498
0.756592
-0.573238
-2.17656
-1.32829
2.17542
-0.565148
0.707148
-1.13211
-0.780361
-0.815199
0.138239
0.7308
0.0586794
0.118101
0.119237
-0.296017
-1.13246
0.383414
0.218807
-0.581618
-0.749883
0.615487
-0.380918
1.64969
-0.378349
2.69547
0.547466
-0.873128
-1.9858
-1.42952
2.10217
-0.209152
0.6576
-0.777995
-0.81091
-0.758809
0.196861
0.714332
0.154975
0.133051
0.0844148
-0.37244
-1.18357
0.447246
0.224075
-0.557469
-0.765347
0.587173
-0.397464
1.64094
-0.59256
2.83424
0.307195
-0.999376
-2.15017
-1.46216
1.78049
0.147459
0.944814
-0.430101
-0.804212
-0.46163
0.255499
0.691364
0.256228
0.143919
0.0541387
-0.454286
-1.23216
0.500548
0.242083
-0.52295
-0.777577
0.559432
-0.407226
1.67433
-0.842578
2.86751
0.231532
-0.78372
-2.35398
-1.36027
1.48262
0.504073
1.22754
-0.329561
-0.756064
-0.24793
0.315317
0.660493
0.358695
0.15831
0.0276808
-0.544686
-1.28232
0.543946
0.265198
-0.479046
-0.789361
0.535371
-0.411117
1.71399
-1.10997
2.90655
0.390519
-0.737757
-2.54405
-1.40396
1.20422
0.860642
1.22958
-0.337962
-0.689929
-0.108698
0.375159
0.620837
0.462532
0.178149
0.00134266
-0.642024
-1.33254
0.578278
0.29173
-0.444846
-0.801901
0.510724
-0.415177
1.67378
-1.2746
3.10465
0.55533
-0.733828
-2.88151
-1.69897
0.89951
0.770406
0.935152
-0.437286
-0.904709
-0.196114
-32.0738
-15.0563
15.7871
6.46057
6.96449
2.33704
-3.68298
0.731131
29.5795
17.8873
-22.8287
-9.8967
23.0622
-19.8982
-7.72835
-0.735638
7.04576
7.3211
31.676
18.9572
-28.4774
-17.4919
9.85641
11.2645
9.07193
2.58841
0.739967
3.21838
-6.81943
-5.0441
-22.6731
-7.77015
13.5854
-11.8783
-4.09924
-0.147416
19.7578
13.162
20.9306
13.9001
-8.95222
-1.67619
7.06462
-8.1932
-2.77332
0.078867
21.3469
13.0444
-3.34732
-0.176246
-1.12275
4.03124
7.87112
-6.29517
-2.01368
0.261768
6.27051
1.19187
13.0979
8.91934
17.5836
11.0832
12.1535
-21.6463
-8.70534
-1.04972
-1.97086
-1.54065
-5.47403
-1.93546
20.0693
7.84268
5.37757
25.2852
-13.0494
-5.64231
-7.70889
-8.53304
-0.0616868
-2.30009
-66.7913
222.648
-22.8186
33.3798
0
0
0
0
0
0
0
0
-76.4039
283.932
12.661
67.0612
0
-3.69512e-14
0
0
0
0
0
0
-47.8071
164.119
-5.30657
64.5255
-2.06795e-25
-4.43498e-15
-1.38962e-13
0
0
0
0
0
-22.5912
143.49
22.5912
22.8013
0
-8.00435e-14
0
7.43944e-15
0
0
0
0
-5.72378
76.8737
15.3857
21.5076
4.56602e-19
-1.96191e-13
0
0
0
0
0
0
5.12021
62.8607
4.34608
13.3948
1.67978e-13
-4.72288e-16
0
0
0
0
0
0
43.132
85.0699
-8.12178
14.9594
0
1.07572e-13
0
0
0
0
0
0
-5.98711
49.6629
5.98711
18.9224
-50.8426
155.388
-51.3219
136.511
0
0
0
0
