0.250075
-0.0464
0.746369
-0.169224
0.0257755
0.185874
-0.0424254
-1.0044
0.1504
0.2794
-0.6654
-0.6273
0.6999
-0.2915
1.89612
0.108909
1.83794
1.31265
-0.432167
-2.71842
-0.891093
2.2443
-1.2768
1.11607
-1.84407
-1.14485
-1.22711
0.0181555
0.746856
-0.103546
0.067571
0.170435
-0.13446
-1.04282
0.230577
0.246469
-0.632097
-0.680562
0.671641
-0.322749
1.80648
-0.0498726
2.10598
0.96556
-0.431661
-2.44259
-1.11778
2.25129
-0.921565
0.914431
-1.48885
-0.791018
-0.873822
0.0792884
0.741465
-0.0283103
0.0973226
0.149965
-0.218977
-1.0843
0.308168
0.226279
-0.605722
-0.722016
0.64343
-0.353757
1.71076
-0.196063
2.43498
0.756592
-0.573238
-2.17656
-1.32829
2.17542
-0.565148
0.707148
-1.13211
-0.780361
-0.815199
0.138239
0.7308
0.0586794
0.118101
0.119237
-0.296017
-1.13246
0.383414
0.218807
-0.581618
-0.749883
0.615487
-0.380918
1.64969
-0.378349
2.69547
0.547466
-0.873128
-1.9858
-1.42952
2.10217
-0.209152
0.6576
-0.777995
-0.81091
-0.758809
0.196861
0.714332
0.154975
0.133051
0.0844148
-0.37244
-1.18357
0.447246
0.224075
-0.557469
-0.765347
0.587173
-0.397464
1.64094
-0.59256
2.83424
0.307195
-0.999376
-2.15017
-1.46216
1.78049
0.147459
0.944814
-0.430101
-0.804212
-0.46163
0.255499
0.691364
0.256228
0.143919
0.0541387
-0.454286
-1.23216
0.500548
0.242083
-0.52295
-0.777577
0.559432
-0.407226
1.67433
-0.842578
2.86751
0.231532
-0.78372
-2.35398
-1.36027
1.48262
0.504073
1.22754
-0.329561
-0.756064
-0.24793
0.315317
0.660493
0.358695
0.15831
0.0276808
-0.544686
-1.28232
0.543946
0.265198
-0.479046
-0.789361
0.535371
-0.411117
1.71399
-1.10997
2.90655
0.390519
-0.737757
-2.54405
-1.40396
1.20422
0.860642
1.22958
-0.337962
-0.689929
-0.108698
0.375159
0.620837
0.462532
0.178149
0.00134266
-0.642024
-1.33254
0.578278
0.29173
-0.444846
-0.801901
0.510724
-0.415177
1.67378
-1.2746
3.10465
0.55533
-0.733828
-2.88151
-1.69897
0.89951
0.770406
0.935152
-0.437286
-0.904709
-0.196114
-32.0738
-15.0563
15.7871
6.46057
6.96449
2.33704
-3.68298
0.731131
29.5795
17.8873
-22.8287
-9.8967
23.0622
-19.8982
-7.72835
-0.735638
7.04576
7.3211
31.676
18.9572
-28.4774
-17.4919
9.85641
11.2645
9.07193
2.58841
0.739967
3.21838
-6.81943
-5.0441
-22.6731
-7.77015
13.5854
-11.8783
-4.09924
-0.147416
19.7578
13.162
20.9306
13.9001
-8.95222
-1.67619
7.06462
-8.1932
-2.77332
0.078867
21.3469
13.0444
-3.34732
-0.176246
-1.12275
4.03124
7.87112
-6.29517
-2.01368
0.261768
6.27051
1.19187
13.0979
8.91934
17.5836
11.0832
12.1535
-21.6463
-8.70534
-1.04972
-1.97086
-1.54065
-5.47403
-1.93546
20.0693
7.84268
5.37757
25.2852
-13.0494
-5.64231
-7.70889
-8.53304
-0.0616868
-2.30009
-66.7913
222.648
-22.8186
33.3798
0
0
0
0
0
0
0
0
-76.4039
283.932
12.661
67.0612
0
-3.69512e-14
0
0
0
0
0
0
-47.8071
164.119
-5.30657
64.5255
-2.06795e-25
-4.43498e-15
-1.38962e-13
0
0
0
0
0
-22.5912
143.49
22.5912
22.8013
0
-8.00435e-14
0
7.43944e-15
0
0
0
0
-5.72378
76.8737
15.3857
21.5076
4.56602e-19
-1.96191e-13
0
0
0
0
0
0
5.12021
62.8607
4.34608
13.3948
1.67978e-13
-4.72288e-16
0
0
0
0
0
0
43.132
85.0699
-8.12178
14.9594
0
1.07572e-13
0
0
0
0
0
0
-5.98711
49.6629
5.98711
18.9224
-50.8426
155.388
-51.3219
136.511
0
0
0
0
0.250012
-0.0464
0.746369
-0.169224
0.0257755
0.185874
-0.0424254
-1.0044
0.1504
0.2794
-0.6654
-0.6273
0.6999
-0.2915
1.89612
0.108909
1.83794
1.31265
-0.432167
-2.71842
-0.891093
2.2443
-1.2768
1.11607
-1.84407
-1.14485
-1.22711
0.0182165
0.746849
-0.101441
0.0654899
0.170577
-0.134625
-1.04566
0.23169
0.233797
-0.637227
-0.680795
0.669753
-0.32305
1.79282
-0.104122
2.16354
0.970258
-0.428304
-2.51027
-1.16733
2.28401
-1.30513
0.78883
-1.49625
-0.840487
-0.881698
0.0800252
0.741219
-0.0241662
0.0915812
0.155519
-0.222934
-1.09504
0.313992
0.198792
-0.609054
-0.729406
0.639549
-0.350262
1.71724
-0.276697
2.42547
0.663049
-0.361633
-2.44943
-1.42094
2.31711
-0.980121
0.803727
-1.23636
-0.874174
-0.667663
0.140155
0.729823
0.06247
0.105853
0.142603
-0.310926
-1.14934
0.396829
0.176514
-0.580349
-0.763989
0.608281
-0.366561
1.68089
-0.444132
2.61903
0.337338
-0.345329
-2.46369
-1.5415
2.32726
-0.623747
0.862927
-0.966652
-0.974493
-0.452747
0.199122
0.712714
0.156012
0.113381
0.129894
-0.399286
-1.20529
0.472179
0.166963
-0.559115
-0.788058
0.573476
-0.376358
1.64586
-0.642512
2.84842
0.197508
-0.411046
-2.52837
-1.60567
2.09073
-0.267425
0.583893
-0.622646
-1.02894
-0.263479
0.257967
0.689307
0.257746
0.11659
0.115309
-0.489645
-1.2628
0.546898
0.170147
-0.54278
-0.804423
0.536725
-0.386145
1.65126
-0.864485
2.97708
0.0849417
-0.374589
-2.70489
-1.62265
2.10384
0.0891494
0.456883
-0.447233
-1.14326
-0.353707
0.317414
0.658351
0.364742
0.119623
0.101875
-0.58624
-1.31969
0.6223
0.185153
-0.52641
-0.821062
0.495892
-0.398821
1.68924
-1.10979
3.02386
0.0819532
-0.401385
-2.70241
-1.57323
2.22424
0.440144
0.507832
-0.489528
-1.30463
-0.542767
0.377164
0.6187
0.472857
0.133358
0.0791591
-0.685373
-1.37742
0.693815
0.21075
-0.512839
-0.836116
0.449294
-0.418205
1.6719
-1.30641
3.13747
0.384694
-0.751424
-2.78689
-1.76406
1.94701
0.733454
0.338273
-0.373339
-1.58648
-0.678194
-30.1014
-18.3199
5.75653
-3.11474
0.665411
-0.11581
-0.337373
2.68744
29.1858
18.2938
-33.979
-16.9805
15.1803
-2.35447
0.367201
0.678674
1.8609
4.1026
28.4816
17.5961
-7.08291
1.12356
19.228
-12.2055
-0.999608
0.698366
16.5842
10.6894
-5.40365
-2.80015
-26.2749
-11.5221
11.7769
1.08949
2.47457
1.12449
2.64885
3.67935
18.1453
11.9946
-6.7202
-7.5858
1.60984
-9.37772
-2.59318
0.0584145
1.67338
2.7531
-3.92421
-1.15998
-8.7337
-0.882485
6.02805
7.22424
8.11165
2.40795
4.37911
1.67739
-5.07851
-3.61071
7.58956
2.26049
3.81801
-6.96683
0.0609425
0.669841
2.57498
0.00515873
-16.7007
-9.25422
21.9483
5.7407
2.1187
13.7993
-14.0802
3.24424
2.07747
0.805843
-1.88166
-2.22252
4.95334
141.778
-71.644
48.7667
0
0
0
0
0
0
0
0
-20.5391
210.992
-67.4421
42.3687
1.93873e-18
0
0
0
0
0
0
0
25.8851
196.016
-27.2318
37.2319
0
-2.01071e-14
0
0
0
0
0
0
-5.48249
152.387
-1.73675
62.5845
0
4.81723e-17
0
0
0
0
0
0
50.1094
60.4875
-50.1094
58.5729
0
0
0
8.84646e-16
0
0
0
0
19.9766
63.7923
17.5679
43.6122
0
2.9349e-18
0
0
0
0
0
0
-51.7689
32.002
66.314
17.7454
0
-4.37757e-14
0
0
0
0
0
0
31.0188
26.6267
-31.0188
8.17196
-34.8129
167.779
-52.4313
81.4901
0
0
0
0
0.25
-0.0464
0.746369
-0.169224
0.0257755
0.185874
-0.0424254
-1.0044
0.1504
0.2794
-0.6654
-0.6273
0.6999
-0.2915
1.89612
0.108909
1.83794
1.31265
-0.432167
-2.71842
-0.891093
2.2443
-1.2768
1.11607
-1.84407
-1.14485
-1.22711
0.0214215
0.746687
-0.103584
0.0726559
0.17044
-0.139512
-1.047
0.23167
0.246548
-0.625541
-0.680521
0.670083
-0.326128
1.89897
-0.144624
1.86029
1.39262
-0.421209
-2.80048
-1.19268
2.46786
-0.919744
1.23821
-1.48842
-0.834872
-0.96793
0.088687
0.7401
-0.0371446
0.122185
0.147212
-0.232252
-1.10047
0.319808
0.226442
-0.581319
-0.721094
0.640266
-0.351872
1.87998
-0.377163
1.97694
1.28466
-0.655177
-2.5746
-1.49735
2.54649
-0.562968
1.45972
-1.13371
-0.88037
-0.738057
0.15583
0.726229
0.0335578
0.169484
0.122742
-0.325784
-1.15394
0.406684
0.219052
-0.529186
-0.748902
0.608824
-0.368255
1.88272
-0.609378
2.03948
1.326
-0.729089
-2.62982
-1.435
2.43254
-0.206923
1.73829
-0.776854
-1.09633
-0.458718
0.22315
0.704456
0.106397
0.21782
0.0985372
-0.422754
-1.20519
0.490503
0.22429
-0.467104
-0.764054
0.569669
-0.378988
1.90146
-0.860215
2.07122
1.37407
-0.547159
-2.92729
-1.15409
2.14597
0.146668
2.09424
-0.422483
-1.31184
-0.323467
0.290709
0.673728
0.181181
0.267172
0.0789808
-0.527334
-1.24846
0.567136
0.242269
-0.39231
-0.774346
0.522763
-0.39054
1.88124
-1.13772
2.25815
1.31611
-0.599882
-2.99914
-1.21148
1.89366
0.503431
2.32005
-0.287052
-1.4989
-0.416153
0.357789
0.633103
0.266509
0.316314
0.0516195
-0.634443
-1.30422
0.637941
0.272984
-0.310367
-0.784597
0.469231
-0.405402
1.85479
-1.41407
2.51556
1.336
-0.947064
-2.82329
-1.56307
1.95512
0.859995
2.19091
-0.348013
-1.52765
-0.686574
0.421694
0.582586
0.356351
0.370184
0.0150512
-0.741586
-1.36779
0.707741
0.303698
-0.243486
-0.791236
0.420988
-0.429922
1.78933
-1.5479
2.69774
1.50845
-1.29634
-3
-1.86383
1.71763
0.661936
1.87116
-0.185875
-1.35082
-1.01634
-8.32675
-4.95814
6.59709
-10.0726
-0.923097
0.751738
5.82803
5.14415
21.1267
13.5909
0.37857
-0.694243
7.08671
-24.0669
-8.28275
-0.770904
13.8546
9.82292
13.8463
8.51151
-16.5111
-10.2321
6.00158
-7.9397
-0.814435
0.618155
16.6225
11.6314
-1.14518
0.863219
-9.86483
-5.92602
2.66704
1.59836
1.25007
0.879995
15.8007
9.81169
-0.178433
1.12547
-20.8604
-10.6983
1.7552
6.40116
3.5199
1.2646
21.8235
13.4366
-9.72795
-5.1805
-3.29804
-4.39473
1.7478
-10.9363
-3.82456
-0.168413
8.31463
3.30409
-1.69901
-0.620345
-8.99646
-8.12202
1.67768
-2.72473
3.8453
1.59447
-7.45393
-5.03379
-3.44074
-2.63038
9.90036
1.01213
7.16067
53.13
-17.826
-2.81697
3.71175
-0.672836
20.4949
7.33926
-32.407
110.592
-16.613
29.465
0
8.23585e-15
0
0
0
0
0
0
9.78555
109.002
-9.98283
63.2159
0
2.65067e-13
-3.46397e-15
0
0
0
0
0
4.22079
109.362
-5.86213
67.3256
0
6.10334e-15
-2.53297e-15
0
0
0
0
0
-397.921
68.6928
389.591
53.6974
0
-3.038e-15
0
2.03675e-14
0
0
0
0
55.5792
61.1954
-56.0149
51.5111
0
-2.65103e-15
0
-1.76918e-14
0
0
0
0
-48.904
34.5267
48.904
27.6514
0
0
0
0
0
0
0
0
-123.986
48.4421
171.05
86.0282
0
2.55587e-14
0
9.4342e-16
0
0
0
0
4.92779
71.271
-4.92779
6.61293
-103.164
265.911
-51.7266
176.633
0
0
0
0
0.25
-0.0464
0.746369
-0.169224
0.0257755
0.185874
-0.0424254
-1.0044
0.1504
0.2794
-0.6654
-0.6273
0.6999
-0.2915
1.89612
0.108909
1.83794
1.31265
-0.432167
-2.71842
-0.891093
2.2443
-1.2768
1.11607
-1.84407
-1.14485
-1.22711
0.0166649
0.746927
-0.103584
0.0652913
0.170461
-0.132169
-1.04393
0.231478
0.243151
-0.63819
-0.680422
0.671738
-0.322594
1.76582
-0.0230725
2.19002
0.979348
-0.418525
-2.43412
-1.10682
2.2707
-0.949478
0.761888
-1.48741
-0.788536
-0.870619
0.0758701
0.741906
-0.0253685
0.0881363
0.15182
-0.214587
-1.0911
0.312574
0.215392
-0.623534
-0.720796
0.655939
-0.341069
1.65774
-0.143142
2.52947
0.63966
-0.521962
-2.12053
-1.32071
2.28553
-0.777264
0.410383
-1.13037
-0.435926
-0.517015
0.132311
0.732076
0.0649696
0.0994768
0.125216
-0.289662
-1.144
0.3942
0.192349
-0.621386
-0.748436
0.643454
-0.346912
1.58034
-0.289611
2.8159
0.30527
-0.83137
-2.02348
-1.48738
2.29402
-0.649306
0.0601408
-0.773941
-0.349579
-0.163602
0.187173
0.717415
0.165537
0.101857
0.0943655
-0.36176
-1.19711
0.468021
0.17849
-0.621728
-0.763633
0.630969
-0.346321
1.53613
-0.4838
3.02304
0.0591997
-0.956981
-1.97485
-1.41384
2.06697
-0.384568
-0.094057
-0.425515
-0.407085
0.162816
0.242012
0.697249
0.273503
0.100519
0.0610921
-0.435114
-1.24759
0.534366
0.173462
-0.6251
-0.773226
0.616528
-0.340853
1.53908
-0.722846
3.11076
-0.0389154
-0.853794
-2.08144
-1.20309
1.85436
-0.134339
-0.116829
-0.268604
-0.34832
0.153126
0.296979
0.670845
0.384602
0.0983933
0.0308988
-0.513894
-1.29056
0.59958
0.176766
-0.629306
-0.78219
0.610825
-0.340528
1.56225
-0.951976
3.2038
-0.0646663
-0.739741
-2.24377
-1.11855
1.82211
0.14872
-0.191758
-0.133448
-0.159496
-0.0915534
0.352773
0.636824
0.499023
0.100006
0
-0.599029
-1.33796
0.65679
0.182143
-0.636164
-0.783249
0.609958
-0.344091
1.60161
-1.15653
3.22713
0.0796233
-0.866578
-2.41486
-1.32742
1.5904
0.181109
-0.421363
0.0061661
0.00361751
-0.299267
-28.6139
-9.71511
32.4735
-5.42787
0.738368
1.01654
-2.64731
1.91665
34.7952
20.4911
-37.9565
-12.67
32.3168
3.5588
4.22811
1.64822
-1.57012
2.38586
33.8394
20.1519
-23.2779
-2.55025
37.027
-11.2474
-1.30118
0.0352955
-1.14886
2.40173
31.3166
18.8779
-23.2243
-6.54695
18.9137
4.23684
4.6451
1.44026
0.785552
2.66659
7.78536
6.23125
-24.9887
-8.91996
11.073
1.18299
1.60926
0.706893
14.41
9.72682
11.684
8.48025
-5.64102
-0.662144
3.48846
8.32425
6.11659
1.64252
0.0441209
-1.30017
-7.07893
-5.06527
-16.7812
-3.41546
15.1022
-6.34586
1.7989
1.00673
9.64712
6.92566
11.5733
5.98642
-7.46052
-5.51994
-0.425138
46.484
20.4098
6.55267
-13.6993
-10.3175
-7.9365
-6.30233
-405.21
352.831
281.673
0.130922
0
0
0
0
0
0
0
0
-492.622
338.507
374.144
1.05005e-14
0
0
0
0
0
0
0
0
-278.795
339.63
232.268
0.92359
-2.36382e-13
0
0
-2.05675e-13
0
0
0
0
-425.289
181.197
408.918
2.77911
-1.39306e-13
0
0
0
0
0
0
0
-614.816
112.409
582.058
0.1694
0
0
0
0
0
0
0
0
581.819
37.4204
-581.819
1.92882
-8.20085e-14
0
0
0
0
0
0
0
-703.485
137.665
705.197
27.8896
0
-3.58983e-24
0
0
0
0
0
0
-482.601
14.2734
483.923
0.0418073
17.9733
95.5734
41.4664
74.2543
0
0
0
0
0.25
-0.0464
0.746369
-0.169224
0.0257755
0.185874
-0.0424254
-1.0044
0.1504
0.2794
-0.6654
-0.6273
0.6999
-0.2915
1.89612
0.108909
1.83794
1.31265
-0.432167
-2.71842
-0.891093
2.2443
-1.2768
1.11607
-1.84407
-1.14485
-1.22711
0.0214215
0.746687
-0.103584
0.0726559
0.17044
-0.139512
-1.03623
0.230553
0.246445
-0.636707
-0.680473
0.671631
-0.322622
1.899
-0.0996852
1.8402
1.3352
-0.400003
-2.62208
-0.874971
2.24623
-0.923313
0.803416
-1.48883
-0.791533
-0.871409
0.0865643
0.740331
-0.0378623
0.117484
0.151468
-0.23109
-1.07891
0.305578
0.226215
-0.617628
-0.721396
0.647443
-0.344764
1.824
-0.313681
2.12946
1.02262
-0.545398
-2.48017
-1.19632
2.10054
-0.566416
0.534208
-1.13566
-0.613845
-0.610149
0.149082
0.727956
0.0381899
0.152646
0.12568
-0.316516
-1.1276
0.375439
0.218721
-0.598549
-0.749343
0.62552
-0.357617
1.7505
-0.512889
2.43929
0.720574
-0.794165
-2.32047
-1.44187
1.95147
-0.209848
0.623848
-0.782508
-0.625285
-0.359894
0.211371
0.708964
0.125307
0.180179
0.0971443
-0.40263
-1.17884
0.442567
0.22396
-0.576269
-0.765166
0.603188
-0.362185
1.7441
-0.715863
2.5716
0.773358
-0.821735
-2.44874
-1.41076
1.80843
0.146701
0.979681
-0.443041
-0.637677
-0.105363
0.274277
0.682296
0.21715
0.208165
0.0679966
-0.493312
-1.22974
0.507126
0.241933
-0.54128
-0.772648
0.580414
-0.366064
1.74193
-0.948631
2.71913
0.784526
-0.764158
-2.59691
-1.46354
1.69348
0.503243
1.33592
-0.20891
-0.668542
-0.143056
0.335362
0.648178
0.314262
0.234431
0.0367065
-0.585399
-1.28388
0.567222
0.272637
-0.493569
-0.77822
0.556538
-0.371394
1.71036
-1.20477
2.97297
0.565596
-0.926084
-2.55421
-1.7536
1.5902
0.859721
1.32423
-0.0794109
-0.715454
-0.318636
0.395328
0.605151
0.419277
0.259673
0.00342935
-0.682379
-1.34662
0.623997
0.303342
-0.457944
-0.7785
0.53683
-0.378001
1.67906
-1.37534
2.94043
0.708492
-1.01006
-2.72669
-1.97832
1.3381
0.652457
0.997502
0.139405
-0.551803
-0.183812
5.07902
3.93616
12.8558
1.03389
4.02501
1.75254
-13.0989
-5.98737
15.7369
9.65913
-15.3841
-10.4528
7.17396
-17.3145
-6.98267
-0.661255
-3.16506
1.18472
28.0177
17.4386
-29.4366
-18.8052
3.97034
-5.33602
-0.0685442
0.700713
7.30642
7.22401
13.1118
8.43594
-34.1236
-19.3834
5.07808
-7.10272
-1.73677
0.307992
24.9752
16.7169
13.5354
9.47535
-15.5836
-8.83352
4.56247
1.72879
3.33051
1.41107
17.6437
10.8095
2.2266
2.11192
-18.9306
-8.93988
4.84702
-9.85074
-2.72808
0.0875136
24.535
14.3477
-1.27933
-1.07956
0.868918
1.35037
6.02769
-6.46274
-0.265425
0.651588
-3.00971
-2.42179
-1.63681
-0.116937
21.8048
7.97267
1.04007
71.9593
12.2167
31.1689
-4.40896
-6.35418
26.4013
13.2814
1.96862
163.97
-27.8551
54.8931
0
0
3.27921e-14
0
0
0
0
0
-9.44455
149.085
-16.4684
90.1168
0
0
1.13591e-13
-1.62769e-13
0
0
0
0
-21.0139
117.408
-3.16932
76.0924
0
1.40168e-15
0
0
0
0
0
0
-9.64522
116.459
-11.8121
69.6399
0
0
0
0
0
0
0
0
-10.2853
87.3325
-5.41863
54.1426
0
-4.93596e-14
0
0
0
0
0
0
-8.24916
68.668
8.24916
32.7833
0
0
0
0
0
0
0
0
10.3341
45.2581
5.68101
0.49937
0
0
0
0
0
0
0
0
-9.83974
12.5668
9.83974
3.98017e-18
-136.519
434.688
-27.5525
34.0874
0
0
0
0
