0.25
-0.0464
0.746369
-0.169224
0.0257755
0.185874
-0.0424254
-1.0044
0.1504
0.2794
-0.6654
-0.6273
0.6999
-0.2915
1.89612
0.108909
1.83794
1.31265
-0.432167
-2.71842
-0.891093
2.2443
-1.2768
1.11607
-1.84407
-1.14485
-1.22711
0.0214215
0.746687
-0.103584
0.0726559
0.17044
-0.139512
-1.047
0.23167
0.246548
-0.625541
-0.680521
0.670083
-0.326128
1.89897
-0.144624
1.86029
1.39262
-0.421209
-2.80048
-1.19268
2.46786
-0.919744
1.23821
-1.48842
-0.834872
-0.96793
0.088687
0.7401
-0.0371446
0.122185
0.147212
-0.232252
-1.10047
0.319808
0.226442
-0.581319
-0.721094
0.640266
-0.351872
1.87998
-0.377163
1.97694
1.28466
-0.655177
-2.5746
-1.49735
2.54649
-0.562968
1.45972
-1.13371
-0.88037
-0.738057
0.15583
0.726229
0.0335578
0.169484
0.122742
-0.325784
-1.15394
0.406684
0.219052
-0.529186
-0.748902
0.608824
-0.368255
1.88272
-0.609378
2.03948
1.326
-0.729089
-2.62982
-1.435
2.43254
-0.206923
1.73829
-0.776854
-1.09633
-0.458718
0.22315
0.704456
0.106397
0.21782
0.0985372
-0.422754
-1.20519
0.490503
0.22429
-0.467104
-0.764054
0.569669
-0.378988
1.90146
-0.860215
2.07122
1.37407
-0.547159
-2.92729
-1.15409
2.14597
0.146668
2.09424
-0.422483
-1.31184
-0.323467
0.290709
0.673728
0.181181
0.267172
0.0789808
-0.527334
-1.24846
0.567136
0.242269
-0.39231
-0.774346
0.522763
-0.39054
1.88124
-1.13772
2.25815
1.31611
-0.599882
-2.99914
-1.21148
1.89366
0.503431
2.32005
-0.287052
-1.4989
-0.416153
0.357789
0.633103
0.266509
0.316314
0.0516195
-0.634443
-1.30422
0.637941
0.272984
-0.310367
-0.784597
0.469231
-0.405402
1.85479
-1.41407
2.51556
1.336
-0.947064
-2.82329
-1.56307
1.95512
0.859995
2.19091
-0.348013
-1.52765
-0.686574
0.421694
0.582586
0.356351
0.370184
0.0150512
-0.741586
-1.36779
0.707741
0.303698
-0.243486
-0.791236
0.420988
-0.429922
1.78933
-1.5479
2.69774
1.50845
-1.29634
-3
-1.86383
1.71763
0.661936
1.87116
-0.185875
-1.35082
-1.01634
-8.32675
-4.95814
6.59709
-10.0726
-0.923097
0.751738
5.82803
5.14415
21.1267
13.5909
0.37857
-0.694243
7.08671
-24.0669
-8.28275
-0.770904
13.8546
9.82292
13.8463
8.51151
-16.5111
-10.2321
6.00158
-7.9397
-0.814435
0.618155
16.6225
11.6314
-1.14518
0.863219
-9.86483
-5.92602
2.66704
1.59836
1.25007
0.879995
15.8007
9.81169
-0.178433
1.12547
-20.8604
-10.6983
1.7552
6.40116
3.5199
1.2646
21.8235
13.4366
-9.72795
-5.1805
-3.29804
-4.39473
1.7478
-10.9363
-3.82456
-0.168413
8.31463
3.30409
-1.69901
-0.620345
-8.99646
-8.12202
1.67768
-2.72473
3.8453
1.59447
-7.45393
-5.03379
-3.44074
-2.63038
9.90036
1.01213
7.16067
53.13
-17.826
-2.81697
3.71175
-0.672836
20.4949
7.33926
-32.407
110.592
-16.613
29.465
0
8.23585e-15
0
0
0
0
0
0
9.78555
109.002
-9.98283
63.2159
0
2.65067e-13
-3.46397e-15
0
0
0
0
0
4.22079
109.362
-5.86213
67.3256
0
6.10334e-15
-2.53297e-15
0
0
0
0
0
-397.921
68.6928
389.591
53.6974
0
-3.038e-15
0
2.03675e-14
0
0
0
0
55.5792
61.1954
-56.0149
51.5111
0
-2.65103e-15
0
-1.76918e-14
0
0
0
0
-48.904
34.5267
48.904
27.6514
0
0
0
0
0
0
0
0
-123.986
48.4421
171.05
86.0282
0
2.55587e-14
0
9.4342e-16
0
0
0
0
4.92779
71.271
-4.92779
6.61293
-103.164
265.911
-51.7266
176.633
0
0
0
0
