0.250012
-0.0464
0.746369
-0.169224
0.0257755
0.185874
-0.0424254
-1.0044
0.1504
0.2794
-0.6654
-0.6273
0.6999
-0.2915
1.89612
0.108909
1.83794
1.31265
-0.432167
-2.71842
-0.891093
2.2443
-1.2768
1.11607
-1.84407
-1.14485
-1.22711
0.0182165
0.746849
-0.101441
0.0654899
0.170577
-0.134625
-1.04566
0.23169
0.233797
-0.637227
-0.680795
0.669753
-0.32305
1.79282
-0.104122
2.16354
0.970258
-0.428304
-2.51027
-1.16733
2.28401
-1.30513
0.78883
-1.49625
-0.840487
-0.881698
0.0800252
0.741219
-0.0241662
0.0915812
0.155519
-0.222934
-1.09504
0.313992
0.198792
-0.609054
-0.729406
0.639549
-0.350262
1.71724
-0.276697
2.42547
0.663049
-0.361633
-2.44943
-1.42094
2.31711
-0.980121
0.803727
-1.23636
-0.874174
-0.667663
0.140155
0.729823
0.06247
0.105853
0.142603
-0.310926
-1.14934
0.396829
0.176514
-0.580349
-0.763989
0.608281
-0.366561
1.68089
-0.444132
2.61903
0.337338
-0.345329
-2.46369
-1.5415
2.32726
-0.623747
0.862927
-0.966652
-0.974493
-0.452747
0.199122
0.712714
0.156012
0.113381
0.129894
-0.399286
-1.20529
0.472179
0.166963
-0.559115
-0.788058
0.573476
-0.376358
1.64586
-0.642512
2.84842
0.197508
-0.411046
-2.52837
-1.60567
2.09073
-0.267425
0.583893
-0.622646
-1.02894
-0.263479
0.257967
0.689307
0.257746
0.11659
0.115309
-0.489645
-1.2628
0.546898
0.170147
-0.54278
-0.804423
0.536725
-0.386145
1.65126
-0.864485
2.97708
0.0849417
-0.374589
-2.70489
-1.62265
2.10384
0.0891494
0.456883
-0.447233
-1.14326
-0.353707
0.317414
0.658351
0.364742
0.119623
0.101875
-0.58624
-1.31969
0.6223
0.185153
-0.52641
-0.821062
0.495892
-0.398821
1.68924
-1.10979
3.02386
0.0819532
-0.401385
-2.70241
-1.57323
2.22424
0.440144
0.507832
-0.489528
-1.30463
-0.542767
0.377164
0.6187
0.472857
0.133358
0.0791591
-0.685373
-1.37742
0.693815
0.21075
-0.512839
-0.836116
0.449294
-0.418205
1.6719
-1.30641
3.13747
0.384694
-0.751424
-2.78689
-1.76406
1.94701
0.733454
0.338273
-0.373339
-1.58648
-0.678194
-30.1014
-18.3199
5.75653
-3.11474
0.665411
-0.11581
-0.337373
2.68744
29.1858
18.2938
-33.979
-16.9805
15.1803
-2.35447
0.367201
0.678674
1.8609
4.1026
28.4816
17.5961
-7.08291
1.12356
19.228
-12.2055
-0.999608
0.698366
16.5842
10.6894
-5.40365
-2.80015
-26.2749
-11.5221
11.7769
1.08949
2.47457
1.12449
2.64885
3.67935
18.1453
11.9946
-6.7202
-7.5858
1.60984
-9.37772
-2.59318
0.0584145
1.67338
2.7531
-3.92421
-1.15998
-8.7337
-0.882485
6.02805
7.22424
8.11165
2.40795
4.37911
1.67739
-5.07851
-3.61071
7.58956
2.26049
3.81801
-6.96683
0.0609425
0.669841
2.57498
0.00515873
-16.7007
-9.25422
21.9483
5.7407
2.1187
13.7993
-14.0802
3.24424
2.07747
0.805843
-1.88166
-2.22252
4.95334
141.778
-71.644
48.7667
0
0
0
0
0
0
0
0
-20.5391
210.992
-67.4421
42.3687
1.93873e-18
0
0
0
0
0
0
0
25.8851
196.016
-27.2318
37.2319
0
-2.01071e-14
0
0
0
0
0
0
-5.48249
152.387
-1.73675
62.5845
0
4.81723e-17
0
0
0
0
0
0
50.1094
60.4875
-50.1094
58.5729
0
0
0
8.84646e-16
0
0
0
0
19.9766
63.7923
17.5679
43.6122
0
2.9349e-18
0
0
0
0
0
0
-51.7689
32.002
66.314
17.7454
0
-4.37757e-14
0
0
0
0
0
0
31.0188
26.6267
-31.0188
8.17196
-34.8129
167.779
-52.4313
81.4901
0
0
0
0
