0.411385
-0.0464
0.746369
-0.169224
0.0257755
0.185874
-0.0424254
-1.0044
0.1504
0.2794
-0.6654
-0.6273
0.6999
-0.2915
1.89612
0.108909
1.83794
1.31265
-0.432167
-2.71842
-0.891093
2.2443
-1.2768
1.11607
-1.84407
-1.14485
-1.22711
0.0585206
0.743306
-0.083407
0.104886
0.180706
-0.202185
-1.09112
0.247948
0.169843
-0.59981
-0.702022
0.632617
-0.329754
2.00143
-0.0843812
1.46023
1.34609
-0.0878909
-2.71766
-1.4756
1.65985
-1.86418
1.03549
-1.27144
-1.71688
-0.650915
0.170662
0.720582
0.00241041
0.196716
0.179367
-0.378493
-1.21206
0.312342
0.0257757
-0.538953
-0.742617
0.531717
-0.368008
1.96116
-0.397094
1.63383
1.56247
0.145538
-3
-2.05787
1.0957
-2.4514
0.910081
-0.692938
-2.28008
-0.650914
0.276819
0.678563
0.0984297
0.27755
0.178822
-0.554801
-1.36713
0.342298
-0.14567
-0.485463
-0.750321
0.397559
-0.406184
1.80632
-0.853424
2.19892
1.24574
-0.00922269
-2.82212
-2.63863
0.509731
-2.91725
0.370712
-0.131085
-2.59557
-0.649595
0.375008
0.617886
0.227658
0.329022
0.17443
-0.731109
-1.54344
0.337753
-0.321978
-0.463669
-0.723515
0.245018
-0.444361
1.67075
-1.30527
2.71495
0.875789
-0.0747143
-2.99999
-3
-0.0773474
-3
-0.185803
0.456114
-2.82135
-0.675018
0.467512
0.534515
0.387213
0.378116
0.142089
-0.907417
-1.71975
0.298532
-0.498286
-0.474579
-0.66219
0.079207
-0.501591
1.5734
-1.68562
3.20326
0.795611
-0.550315
-3
-2.92084
-0.664426
-3
-0.753706
1.04349
-2.90579
-1.24893
0.547027
0.427623
0.575467
0.424871
0.0833875
-1.08373
-1.89605
0.225096
-0.674595
-0.518864
-0.567021
-0.0915649
-0.608993
1.50273
-2.00501
3.78116
0.720705
-1.12456
-3
-3
-1.24956
-3
-1.33519
1.61938
-3
-1.82753
0.605143
0.29876
0.797684
0.46235
0
-1.26003
-2.07236
0.117626
-0.850903
-0.597323
-0.437514
-0.267873
-0.717173
1.57472
-2.33925
4.09046
0.637855
-1.49705
-2.9872
-2.99209
-1.82869
-3
-1.9116
2.20365
-3
-1.83856
100
72.3472
51.7768
-73.6448
-33.2349
-6.70876
-19.263
-9.65678
-12.2934
-6.73621
57.7251
46.367
59.8113
-61.4419
-27.3118
-5.64811
1.87768
3.3706
-4.31639
-2.55704
-0.977466
0.656753
12.5648
-13.3938
-7.66931
-2.25973
2.68595
4.0796
-11.6502
-7.78498
-15.0289
-6.4112
10.6912
-14.2453
-7.59003
-2.05575
5.70398
5.87158
14.4902
10.9686
-7.90632
-5.72061
-1.81544
-0.211691
-1.0123
-0.327489
5.05295
4.75093
-10.5662
-6.62513
-25.6643
-17.0148
5.53205
8.16001
3.0302
0.156354
6.30609
5.57759
7.42605
3.49631
-6.36913
-6.27619
-1.72731
-11.8067
-5.68702
-1.18059
10.7432
7.56355
-5.77662
-3.48051
-4.36697
-0.508363
10.502
-6.99602
-3.69955
-0.545
1.297
1.23152
21.4967
13.9885
73.8554
350.415
48.7906
-5.1507e-16
0
2.35454e-14
0
0
0
0
0
0
71.7021
447.174
-58.6709
0
0
-2.999e-19
0
0
0
0
0
0
13.7421
104.357
-13.7421
0
0
0
2.841e-13
-2.89089e-13
0
0
0
0
-25.1269
102.459
-10.7338
-8.84404e-14
0
0
-2.43029e-14
0
0
0
0
0
6.6193
6.66255
-8.95119
-3.46945e-18
0
0
0
0
0
0
0
0
-30.307
86.2437
-8.29748
24.0548
0
-8.32822e-14
1.46844e-13
1.63858e-13
0
0
0
0
2.12598
13.0243
-2.12598
-1.43303e-11
0
6.10702e-14
0
2.89287e-14
0
0
0
0
14.6153
69.9753
9.87599
-6.99441e-15
0
0
0
2.94403e-13
-0.876486
2.60007
0
0
