0.25
-0.0464
0.746369
-0.169224
0.0257755
0.185874
-0.0424254
-1.0044
0.1504
0.2794
-0.6654
-0.6273
0.6999
-0.2915
1.89612
0.108909
1.83794
1.31265
-0.432167
-2.71842
-0.891093
2.2443
-1.2768
1.11607
-1.84407
-1.14485
-1.22711
0.0214215
0.746687
-0.103584
0.0726559
0.17044
-0.139512
-1.03623
0.230553
0.246445
-0.636707
-0.680473
0.671631
-0.322622
1.899
-0.0996852
1.8402
1.3352
-0.400003
-2.62208
-0.874971
2.24623
-0.923313
0.803416
-1.48883
-0.791533
-0.871409
0.0865643
0.740331
-0.0378623
0.117484
0.151468
-0.23109
-1.07891
0.305578
0.226215
-0.617628
-0.721396
0.647443
-0.344764
1.824
-0.313681
2.12946
1.02262
-0.545398
-2.48017
-1.19632
2.10054
-0.566416
0.534208
-1.13566
-0.613845
-0.610149
0.149082
0.727956
0.0381899
0.152646
0.12568
-0.316516
-1.1276
0.375439
0.218721
-0.598549
-0.749343
0.62552
-0.357617
1.7505
-0.512889
2.43929
0.720574
-0.794165
-2.32047
-1.44187
1.95147
-0.209848
0.623848
-0.782508
-0.625285
-0.359894
0.211371
0.708964
0.125307
0.180179
0.0971443
-0.40263
-1.17884
0.442567
0.22396
-0.576269
-0.765166
0.603188
-0.362185
1.7441
-0.715863
2.5716
0.773358
-0.821735
-2.44874
-1.41076
1.80843
0.146701
0.979681
-0.443041
-0.637677
-0.105363
0.274277
0.682296
0.21715
0.208165
0.0679966
-0.493312
-1.22974
0.507126
0.241933
-0.54128
-0.772648
0.580414
-0.366064
1.74193
-0.948631
2.71913
0.784526
-0.764158
-2.59691
-1.46354
1.69348
0.503243
1.33592
-0.20891
-0.668542
-0.143056
0.335362
0.648178
0.314262
0.234431
0.0367065
-0.585399
-1.28388
0.567222
0.272637
-0.493569
-0.77822
0.556538
-0.371394
1.71036
-1.20477
2.97297
0.565596
-0.926084
-2.55421
-1.7536
1.5902
0.859721
1.32423
-0.0794109
-0.715454
-0.318636
0.395328
0.605151
0.419277
0.259673
0.00342935
-0.682379
-1.34662
0.623997
0.303342
-0.457944
-0.7785
0.53683
-0.378001
1.67906
-1.37534
2.94043
0.708492
-1.01006
-2.72669
-1.97832
1.3381
0.652457
0.997502
0.139405
-0.551803
-0.183812
5.07902
3.93616
12.8558
1.03389
4.02501
1.75254
-13.0989
-5.98737
15.7369
9.65913
-15.3841
-10.4528
7.17396
-17.3145
-6.98267
-0.661255
-3.16506
1.18472
28.0177
17.4386
-29.4366
-18.8052
3.97034
-5.33602
-0.0685442
0.700713
7.30642
7.22401
13.1118
8.43594
-34.1236
-19.3834
5.07808
-7.10272
-1.73677
0.307992
24.9752
16.7169
13.5354
9.47535
-15.5836
-8.83352
4.56247
1.72879
3.33051
1.41107
17.6437
10.8095
2.2266
2.11192
-18.9306
-8.93988
4.84702
-9.85074
-2.72808
0.0875136
24.535
14.3477
-1.27933
-1.07956
0.868918
1.35037
6.02769
-6.46274
-0.265425
0.651588
-3.00971
-2.42179
-1.63681
-0.116937
21.8048
7.97267
1.04007
71.9593
12.2167
31.1689
-4.40896
-6.35418
26.4013
13.2814
1.96862
163.97
-27.8551
54.8931
0
0
3.27921e-14
0
0
0
0
0
-9.44455
149.085
-16.4684
90.1168
0
0
1.13591e-13
-1.62769e-13
0
0
0
0
-21.0139
117.408
-3.16932
76.0924
0
1.40168e-15
0
0
0
0
0
0
-9.64522
116.459
-11.8121
69.6399
0
0
0
0
0
0
0
0
-10.2853
87.3325
-5.41863
54.1426
0
-4.93596e-14
0
0
0
0
0
0
-8.24916
68.668
8.24916
32.7833
0
0
0
0
0
0
0
0
10.3341
45.2581
5.68101
0.49937
0
0
0
0
0
0
0
0
-9.83974
12.5668
9.83974
3.98017e-18
-136.519
434.688
-27.5525
34.0874
0
0
0
0
