1.51095
-0.0464
0.746369
-0.169224
0.0257755
0.185874
-0.0424254
-1.0044
0.1504
0.2794
-0.6654
-0.6273
0.6999
-0.2915
1.89612
0.108909
1.83794
1.31265
-0.432167
-2.71842
-0.891093
2.2443
-1.2768
1.11607
-1.84407
-1.14485
-1.22711
-0.173882
0.750261
-0.407726
0.108386
0.17296
-0.163293
-1.19674
0.797951
0.216985
-0.0684365
-1.02534
0.903635
-0.167305
1.14888
0.031871
2.62294
-0.322546
-0.0579867
-0.55992
-2.22444
3
-0.290454
2.76564
-2.95611
0.943873
0.575376
-0.139466
0.755292
0.158144
-0.40331
0.160444
-0.0939013
-1.54069
1.4455
0.15457
0.528527
-1.66303
1.03544
-0.03762
0.0660414
0.420524
3.02009
-2.37061
0.596905
0.784233
-1.59343
2.42683
-0.345698
2.25351
-2.95436
0.610647
0.662525
-0.125299
0.730586
0.527707
-0.877416
0.349818
-0.00268871
-1.50521
1.96933
0.0801047
1.01495
-2.17031
1.047
-0.01881
0.0779392
-0.11442
1.71212
-2.14987
1.20135
0.326586
0.164375
1.61254
-0.69603
1.97381
-2.35014
0.0535414
0.0871437
-0.135062
0.688282
0.674493
-1.27003
0.784255
-0.188733
-1.39692
2.3174
0.0719936
1.047
-2.25617
0.948714
0
0.234283
-0.311349
0.68004
-1.80768
2.16067
-0.86672
0.501681
-0.518586
-0.0375773
-0.0209617
-0.397802
-1.06268
0.196902
-0.0889653
0.621563
0.582177
-1.35068
1.25064
-0.482524
-1.371
2.17841
-0.227205
0.942583
-2.02431
0.719334
-0.00791744
0.411811
-0.547266
-0.42769
-0.290258
1.69982
-1.36109
-0.0316415
-1.23777
-1.44018
-1.24621
1.07417
-0.482597
-0.0366802
-0.0402551
0.554089
0.48986
-1.34394
1.59284
-0.742137
-1.38333
1.91123
-0.538083
0.673588
-1.79246
0.709135
-0.0287301
0.225667
-0.305063
-0.421939
0.280003
0.52597
-0.753363
-0.274108
-0.714332
-1.08653
-0.835775
0.858594
0.31479
-0.0964216
-0.0328397
0.528955
0.428438
-1.32232
1.69854
-0.804355
-1.43981
1.79646
-0.772246
0.592518
-1.60713
0.777082
-0.0311597
-0.0104318
-0.0014851
0.00712007
-0.0269503
0.0689299
-0.286271
-0.0198295
0.00229504
0.00412754
-0.00499068
-0.00827537
-0.00241041
-0.00401766
-6.29594
-0.255831
9.10147
-19.1052
-9.31654
-1.22237
8.03057
6.51502
22.9878
15.1897
-5.68084
21.4442
99.9954
-31.6394
-0.578746
0.726511
-7.56925
-9.54088
36.7719
17.1081
53.9203
71.8359
95.5621
-8.47892
4.34315
0.273454
-0.971066
-7.18089
-9.81466
-8.38524
89.0565
53.5256
61.1236
-16.2444
3.26355
0.526788
-0.0371876
-5.09956
4.70422
-0.277132
100
23.0648
50.9551
-10.114
1.65031
-0.557339
2.09613
-3.91261
3.60519
-2.35344
83.1965
-31.7392
49.6126
-17.4428
4.7612
-0.437534
5.49658
-3.81644
25.7719
10.2356
49.9792
-86.5709
83.2121
7.75711
20.2235
3.3846
15.2837
-2.32589
21.6443
7.95861
47.5466
-77.96
45.4127
-10.079
6.13444
-0.176029
6.57461
-3.35774
16.48
5.59918
-1315.35
86.1969
1315.08
2.05391e-15
0
1.38835e-13
0
0
0
0
0
0
-2606.13
198.352
2266.71
771.418
-3.60874e-17
6.99721e-15
-2.83647e-14
0
0
0
0
0
-1842.52
234.992
1756.6
14.2549
-2.18676e-13
0
0
7.33062e-14
0
0
0
0
-3419.92
490.48
3405.45
8.4004
0
2.84306e-13
0
-1.77537e-14
0
0
0
0
4611.26
445.913
-4616.6
40.9734
1.05134e-24
0
0
-6.63326e-15
0
0
0
0
-3681.99
463.806
3681.99
87.7884
0
-9.89822e-15
0
0
0
0
0
0
-11518
688.926
11421
7.89597
0
1.47354e-13
0
-1.843e-16
0
0
0
0
5851.99
447.334
-5851.99
106.943
0
0
0
0
0
0
0
0
