1.7008
-0.0464
0.746369
-0.169224
0.0257755
0.185874
-0.0424254
-1.0044
0.1504
0.2794
-0.6654
-0.6273
0.6999
-0.2915
1.89612
0.108909
1.83794
1.31265
-0.432167
-2.71842
-0.891093
2.2443
-1.2768
1.11607
-1.84407
-1.14485
-1.22711
-0.0346281
0.746702
-0.285153
0.225741
0.0808696
-0.112574
-0.635694
0.879316
0.514407
-0.0689696
-0.544122
0.685396
-0.287468
2.36351
-0.302132
-0.477135
0.823006
-0.0710018
-0.288702
1.5175
3
0.899793
2.45467
0.342412
-0.0596893
0.0165845
0.0297417
0.746916
-0.397957
0.425706
0.0809939
-0.117032
-0.0779455
1.60823
0.732999
0.527461
-0.282723
0.670893
0
1.38359
0.000878582
0.271198
0.00463597
0.00049566
-0.0183494
2.29556
1.21905
1.11248
1.63589
1.79891
-2.16277
1.18314
0.0180142
0.747129
-0.23907
0.207804
0.160539
-0.129273
0.394959
1.68273
0.72411
0.367194
0
0.145402
9.18959e-09
-0.048269
0.378783
2.3496
-1.30288
0.327417
-0.568939
0.518843
0.305204
-0.0365666
-0.659782
1.28052
-2.10962
-0.000449151
-0.0408274
0.744754
0.299817
-0.461876
0.240091
-0.0780321
0.627677
1.57891
0.678492
0.206927
-0.0133061
-0.367183
-9.36797e-05
-0.274071
-0.132937
2.21785
-2.75618
0.706644
0.263571
0.95964
-1.08344
-0.187854
-0.236446
-0.0549645
-1.01015
-0.000301088
-0.10742
0.730088
0.579319
-0.927149
0.400414
-0.0525838
0.638823
1.56528
0.633466
0.149512
-0.37875
-0.606042
-0.00974144
-0.00806227
-0.0267923
1.06361
-1.50927
0.440328
-0.0375744
0.0029814
-0.00827777
0.434391
1.10186
-1.50854
0.754559
-0.0396744
-0.109271
0.726716
0.713687
-1.08762
0.445272
-0.0713429
0.450769
1.62583
0.675576
0.245813
-0.731378
-0.409321
-0.107489
-0.00665971
0.239946
0.536986
-0.564017
0.183922
-0.150509
-0.782204
0.691409
0.163811
0.396352
-1.33246
0.826618
-0.632159
-0.110976
0.726739
0.716725
-1.09133
0.441319
-0.0667149
0.374996
1.63299
0.667882
0.255076
-0.922911
-0.239573
-0.157801
-0.00673021
-0.000233883
0.00958837
-0.0129191
-0.018101
0.0387969
-0.0174111
0.0254001
-0.0531388
0.0347926
-0.141335
-0.0136692
0.0170903
39.6108
44.0584
68.8964
-32.3213
-10.728
-1.04605
-4.92314
-1.37053
18.8516
9.15551
19.594
41.0844
62.3322
-5.13981
5.64125
2.36544
-2.14978
-1.3159
-5.15451
-5.2486
-100
-20.0803
99.9989
10.7671
16.1162
2.00137
10.889
3.6904
18.119
8.50151
-29.5013
-5.88924
36.7301
20.4558
7.02645
-0.0948176
-8.80065
-6.7629
5.98906
1.79969
29.1627
27.9423
45.827
8.93948
5.98608
0.752186
13.3884
5.34264
7.90817
5.30049
92.952
12.9764
23.0359
17.7253
3.48917
-0.213141
4.54824
-4.32235
3.22123
-0.166294
72.0891
31.6807
54.9358
15.4525
-0.501961
-0.954005
10.6571
3.06075
-2.88667
-2.91646
58.1319
-0.781087
10.6329
20.3913
3.41485
-0.199813
9.92091
0.296621
7.25571
1.90569
-634.843
581.086
634.815
0
0
1.61436e-13
0
0
0
0
0
0
-1233.9
311.031
1219.86
-3.17914e-15
0
0
0
0
0
0
0
0
-1027.2
1008.82
674.111
4.89407e-16
0
-9.07616e-14
0
-2.46099e-13
0
0
0
0
-265.051
361.297
187.546
0.440432
0
0
0
0
0
0
0
0
58.8101
380.102
-58.8199
0.0838947
0
0
0
0
0
0
0
0
235.939
441.27
-241.472
317.075
0
0
0
1.10314e-16
0
0
0
0
-352.405
470.831
318.489
3.69664
0
0
0
-3.6943e-15
0
0
0
0
-374.528
294.47
374.527
259.796
0
0
0
0
-3.4009e-16
0
0
0
