0.424727
-0.0464
0.746369
-0.169224
0.0257755
0.185874
-0.0424254
-1.0044
0.1504
0.2794
-0.6654
-0.6273
0.6999
-0.2915
1.89612
0.108909
1.83794
1.31265
-0.432167
-2.71842
-0.891093
2.2443
-1.2768
1.11607
-1.84407
-1.14485
-1.22711
0.058497
0.742965
-0.0895562
0.105421
0.191979
-0.207844
-1.09528
0.25024
0.238134
-0.597682
-0.73919
0.593919
-0.329611
2.03435
-0.0561081
1.31302
1.80322
0.100578
-2.7706
-1.49785
1.64549
-0.679319
0.51562
-1.24143
-1.74669
-0.628101
0.171748
0.719654
-0.0230442
0.21483
0.198084
-0.38987
-1.22148
0.314847
0.233499
-0.601661
-0.814514
0.452881
-0.33115
2.10651
-0.523584
1.0962
2.13415
0.3655
-3
-2.07988
1.06478
-0.0763949
-0.0655789
-0.639632
-2.32446
-0.0253619
0.285073
0.674153
0.0434678
0.344323
0.184105
-0.571896
-1.38427
0.342908
0.265508
-0.642125
-0.853324
0.275385
-0.296329
1.97072
-1.08751
1.51851
2.1883
-0.230349
-2.62934
-2.683
0.462486
0.527557
-0.666884
-0.0362599
-2.92535
0.573918
0.394031
0.603935
0.135603
0.471056
0.147264
-0.753922
-1.5663
0.334281
0.33394
-0.718962
-0.855526
0.0933587
-0.251881
1.79575
-1.55513
2.11693
2.08867
-0.80315
-3
-3
-0.14219
1.12785
-1.26637
0.570232
-3
0.732557
0.490046
0.509576
0.264046
0.576334
0.095568
-0.935948
-1.74832
0.289193
0.439183
-0.832055
-0.82093
-0.0886673
-0.207433
1.62886
-1.94276
2.71938
1.73506
-1.15964
-3
-2.85673
-0.748569
1.73453
-1.86392
1.17242
-2.76407
0.322236
0.567091
0.391699
0.429044
0.663725
0.0252052
-1.11797
-1.93035
0.207149
0.572738
-0.981437
-0.749796
-0.270693
-0.187879
1.48177
-2.30501
3.31624
1.19159
-0.897707
-3
-3
-1.35219
2.1912
-2.4678
1.76169
-3
-0.274646
0.62072
0.25157
0.630257
0.700282
0
-1.3
-2.11238
0.0891067
0.733
-1.16346
-0.64291
-0.452719
-0.204539
1.34212
-2.37916
3.90967
0.602438
-0.293686
-3
-3
-1.94548
2.64127
-3
2.34227
-3
-0.280698
94.88
68.7575
70.9571
-72.7727
-30.5676
-4.90761
-23.2055
-11.0137
-6.94812
-4.66436
93.8855
67.8463
54.6609
-69.1838
-30.5585
-5.13601
-21.4869
-10.8694
-13.1663
-7.23595
8.56124
2.60217
1.79937
-17.4146
-9.23389
-1.38384
0.0448228
2.24978
-2.86544
0.643445
-17.4836
-10.2968
9.31422
-8.3166
-4.12021
-0.32001
4.32784
5.68385
3.84259
4.69197
-32.1867
-17.4376
6.12353
6.41328
2.77903
1.10624
5.33562
6.06197
14.7967
8.41764
-31.1148
-14.8225
8.05064
15.0694
6.97545
2.01392
7.19142
6.48299
4.91611
1.85275
0.00492332
-0.372874
1.20062
-19.1159
-8.78091
-1.16612
11.8963
7.92327
-8.04867
-5.81421
-15.7621
-8.913
11.4141
-3.35847
1.39658
1.77682
10.0275
5.86957
-60
-30.1756
-226.807
555.735
226.807
0
0
0
0
0
0
0
0
0
-196.476
343.85
316.823
2.22923e-14
0
0
0
0
0
0
0
0
-25.5773
11.0053
25.5773
-3.32223e-14
0
0
0
0
0
0
0
0
102.299
100.284
-137.404
0
0
-1.33802e-16
0
0
0
0
0
0
138.527
88.207
-169.399
0
0
0
0
0
0
0
0
0
-34.6442
89.33
3.37868
0
0
-1.42415e-13
0
0
0
0
0
0
-146.655
26.4154
137.41
0
0
0
0
0
0
0
0
0
452.906
111.697
-492
0
0
-8.14761e-14
0
-1.33659e-13
0
0
-127.355
363.872
0.409088
-0.0464
0.746369
-0.169224
0.0257755
0.185874
-0.0424254
-1.0044
0.1504
0.2794
-0.6654
-0.6273
0.6999
-0.2915
1.89612
0.108909
1.83794
1.31265
-0.432167
-2.71842
-0.891093
2.2443
-1.2768
1.11607
-1.84407
-1.14485
-1.22711
0.0642889
0.742233
-0.0762991
0.100327
0.1937
-0.217727
-1.09059
0.247887
0.170659
-0.600176
-0.73507
0.599609
-0.329822
1.9599
-0.137104
1.58954
1.11192
0.133896
-3
-1.47477
1.66812
-1.86067
0.540519
-1.26173
-1.7161
-0.655731
0.170476
0.719685
0.0165956
0.168211
0.208244
-0.393051
-1.21078
0.311663
0.0280502
-0.568587
-0.808807
0.466028
-0.339418
1.91196
-0.476564
1.77359
1.26254
0.367843
-2.98333
-2.0566
1.09129
-2.4401
-0.0428161
-0.690074
-2.28574
-0.148799
0.276414
0.677804
0.120246
0.242094
0.206034
-0.568374
-1.36491
0.341789
-0.142366
-0.571995
-0.849137
0.299152
-0.325945
1.82026
-0.96734
2.10034
1.26688
-0.0382795
-3
-2.63739
0.515493
-2.93421
-0.623031
-0.127083
-2.85545
0.252978
0.375499
0.616691
0.242993
0.304601
0.196054
-0.743698
-1.54023
0.33781
-0.31765
-0.608406
-0.822458
0.12398
-0.311169
1.70095
-1.42868
2.5504
1.06959
-0.330283
-3
-3
-0.068091
-2.99917
-1.18666
0.456553
-2.9974
0.144866
0.468217
0.533044
0.392042
0.366511
0.160468
-0.919021
-1.71556
0.300333
-0.492974
-0.677755
-0.794384
-0.0513435
-0.302829
1.59442
-1.80833
3.04393
0.912904
-0.617768
-2.87034
-2.92452
-0.650302
-2.99995
-1.7684
0.480424
-3
-0.430723
0.548142
0.425308
0.569934
0.427674
0.0967371
-1.09434
-1.89088
0.228323
-0.668297
-0.781103
-0.766309
-0.226667
-0.327318
1.52675
-2.16476
3.54326
1.15253
-1.15521
-3
-2.99998
-1.23219
-3
-2.33361
-0.0849778
-2.98051
-0.861588
0.607729
0.291084
0.777007
0.495029
0
-1.26967
-2.0662
0.12248
-0.843621
-0.917482
-0.771278
-0.40199
-0.377677
1.49228
-2.43402
4.11287
1.68137
-1.70536
-3
-2.99928
-1.81111
-2.61692
-2.89993
-0.656514
-3
-1.29499
99.9982
73.2788
51.7184
-73.0974
-33.0244
-6.6721
-20.8974
-10.5746
-11.829
-6.30573
42.5815
34.1986
47.3498
-45.6036
-20.7666
-4.48795
-10.7924
-3.47796
-2.17539
-0.716753
13.0147
9.55282
18.7287
-25.9874
-13.1846
-3.26096
-1.83992
1.44132
-2.13167
0.658251
4.44157
-0.118597
0.221296
-18.4057
-10.0934
-2.59968
3.05556
4.08292
-4.21525
-0.40713
-22.6957
-10.9046
8.28235
0.00643851
-0.385447
-0.109417
5.92075
6.18438
8.34749
3.92341
-6.64873
-5.66533
2.4508
9.08777
2.95624
-0.00860207
-7.95174
-6.35811
-6.81571
-4.84401
-7.14447
-6.76725
6.72609
-14.1816
-6.61056
-1.22337
-3.25447
-3.48846
15.6331
8.83646
-12.537
-10.2076
7.59931
12.6779
5.70004
1.34648
-0.0487157
-3.06437
-2.64195
-2.8359
607.393
347.52
-485.761
1.15243e-13
0
0
-1.9387e-26
0
0
0
0
0
348.929
358.12
-344.065
0
0
0
0
0
0
0
0
0
-50.4265
134.374
64.7422
-1.92433e-16
0
0
-2.81427e-15
0
0
0
0
0
-577.979
10.1234
577.979
-1.4931e-16
-1.7247e-13
0
-1.13709e-15
0
0
0
0
0
-335.957
88.6274
304.937
0
0
1.28048e-14
0
-1.90604e-14
0
0
0
0
255.155
37.359
-268.41
0.512496
0
2.23958e-14
0
0
0
0
0
0
-584.6
81.8539
555.75
0.57489
0
9.28517e-14
1.1971e-13
0
0
0
0
0
-92.8245
95.1694
59.5152
0
1.06732e-24
-6.64171e-15
-1.36091e-13
-4.96366e-15
0
0
-1.80392
12.0035
