2.22348
-0.0464
0.746369
-0.169224
0.0257755
0.185874
-0.0424254
-1.0044
0.1504
0.2794
-0.6654
-0.6273
0.6999
-0.2915
1.89612
0.108909
1.83794
1.31265
-0.432167
-2.71842
-0.891093
2.2443
-1.2768
1.11607
-1.84407
-1.14485
-1.22711
-0.239543
0.733749
0.215087
-0.566082
0.049828
0.0971632
-1.28745
0.863279
-0.0606046
-0.310891
-0.396158
0.717044
-0.386673
0.738785
-0.0397408
3.32304
-1.86343
-0.427088
0.439568
-3
0.132788
-1.06212
-1.19184
0.727719
0.0539839
1.21713
-0.154523
0.732909
0.873197
-1.11475
0.0514638
0.1736
-1.44979
1.0935
-0.397806
0.0729505
-0.165015
0.734189
0
0.419064
-0.000940742
2.07197
-1.70379
0.105306
0.0451528
-0.474347
0.724298
-1.24566
1.20853
-0.845531
0.984724
2.9783
-0.161165
0.73261
1.38428
-1.65595
0.084887
0.188021
-0.658454
1.03189
-0.120502
0.600091
-0.422014
1.047
0
-0.041982
0.652115
1.609
-1.71494
0.590422
0.100043
2.49142
-1.23815
0.874386
1.77278
0.7304
2.03774
-7.79067e-06
-0.175458
0.713498
1.49908
-1.97615
0.438616
0.0384585
0.132878
0.63035
0.202731
0.649988
-0.190304
1.047
-0.245444
-0.050957
-0.233426
0.361282
-1.00791
1.86785
-0.726096
2.43728
-0.772197
1.27676
0.156255
1.61718
9.09807e-08
-0.77271
-0.190798
0.63939
1.46088
-2.28718
1.01822
-0.19192
0.328305
0.385141
0.390565
0.491266
-0.0131595
0.622114
-0.4905
0.00716469
-0.508198
-0.12047
0.310042
0.456732
-0.318255
0.615824
1.83605
0.585807
-0.500065
0.557733
-1.33863
1.36221
-0.197811
0.611062
1.42265
-2.35002
1.16333
-0.235958
0.36108
0.74595
0.361476
0.333128
-0.0310723
0.321941
-0.058183
-0.0230872
-0.0891807
-0.0163735
-0.273039
0.457032
-0.0189234
0.0953562
1.12411
-0.100686
0.152291
-0.101866
-0.820248
1.4561
-0.200723
0.606549
1.41194
-2.3562
1.18126
-0.236991
0.39178
0.758051
0.329392
0.375073
-0.0752865
0.105424
-0.0389421
-0.00369474
-0.0063857
-0.0336768
0.0117503
0.0528999
0.000757713
0.0979431
-0.0429093
-0.0202885
0.126163
-0.139157
-0.0407437
0.0519741
-12.8379
8.68115
72.1833
-26.799
-7.69262
-1.1264
2.2045
5.68239
39.1556
20.2976
74.2903
90.0476
100
-25.224
-8.37597
-1.91847
-5.17907
-5.6236
5.20782
2.96158
100
94.2512
100
22.0708
21.5979
3.34758
34.9327
13.1385
35.0158
13.3677
100
68.8502
44.1608
24.077
12.4999
1.52268
15.3732
6.5287
-13.1122
-11.2153
100
46.4538
31.9629
5.08177
3.52207
0.73372
-6.58726
-6.53106
-2.51951
-1.34595
100
-35.2984
8.36897
27.4273
8.88549
0.814332
23.4617
8.14732
25.0052
11.9888
97.8685
-39.5009
3.92467
18.8166
1.04404
-0.40304
18.1968
6.08536
18.6318
4.7411
84.1318
-46.3142
-6.11532
24.2411
5.58434
0.591478
17.5698
6.06451
17.9357
6.09452
-349.019
715.001
151.154
-9.55765e-15
0
2.21939e-16
1.01178e-16
0
0
0
0
0
-1727.46
218.032
1651.15
1.89438e-14
0
-5.85169e-14
0
0
0
0
0
0
-3986.91
835.254
3794.08
14.4115
0
0
-1.87863e-20
-1.43129e-15
0
0
0
0
-1392.28
431.767
1392.28
75.4006
2.52153e-13
0
-2.42218e-13
0
0
0
0
0
1147.22
277.034
-1138.99
49.769
-2.01966e-13
-7.07171e-15
0
0
0
0
0
0
285.163
336.979
-282.492
330.507
-5.90497e-25
0
0
-1.21345e-17
0
0
0
0
-998.605
280.339
998.65
299.772
0
0
0
0
0
0
0
0
228.335
220.029
-228.329
334.232
0
0
0
0
0
0
0
0
