1.08051
-0.0464
0.746369
-0.169224
0.0257755
0.185874
-0.0424254
-1.0044
0.1504
0.2794
-0.6654
-0.6273
0.6999
-0.2915
1.89612
0.108909
1.83794
1.31265
-0.432167
-2.71842
-0.891093
2.2443
-1.2768
1.11607
-1.84407
-1.14485
-1.22711
-0.223583
0.747432
-0.57228
0.165559
0.243587
-0.222785
-0.861417
0.611888
0.16473
-0.493125
-0.888304
0.523182
-0.524892
1.46023
-0.0674358
1.92416
0.668081
0.374252
-1.18748
0.248403
2.99016
-0.662811
-0.313052
-1.67429
-1.34666
-1.74949
-0.116082
0.73188
-0.485989
0.174548
0.352639
-0.199406
-0.823209
1.07338
0.215831
-0.540709
-1.15821
0.31539
-0.87572
0.873078
-0.174514
2.08835
-0.322566
0.708218
0.124077
-0.0322403
2.56543
0.325582
-1.76661
-2.01763
-2.69973
-2.39986
-0.116185
0.723286
-0.449596
0.0521831
0.480665
-0.122334
-0.829266
1.47016
0.352244
-0.833868
-1.46685
-0.123871
-1.24598
0.439217
-0.0385791
1.94958
-1.10164
0.795487
0.798076
-0.930832
1.32732
0.883326
-2.4853
-1.25065
-2.95361
-1.83484
-0.102022
0.719307
-0.291335
-0.125696
0.548436
-0.123724
-0.97356
1.67353
0.498482
-1.2214
-1.61428
-0.497802
-1.52709
0.232065
0.0760147
1.3552
-1.17853
0.406019
0.00318943
-1.62421
0.0710884
0.973944
-2.52219
-0.376475
-2.07875
-0.559908
-0.1007
0.714301
-0.137663
-0.307589
0.609804
-0.166877
-1.19227
1.69169
0.648289
-1.5653
-1.66061
-0.712542
-1.67558
0.135309
-0.0396149
0.904767
-1.2266
0.281906
-0.389775
-1.43267
-0.450293
1.02607
-2.18041
-0.179853
-1.30135
-0.463014
-0.0882395
0.708389
-0.0326776
-0.429724
0.681111
-0.219341
-1.28918
1.64862
0.710231
-1.83805
-1.68159
-0.883967
-1.73141
0.0932931
-0.0965157
0.368075
-0.781316
0.462286
-0.24456
-0.507216
-0.263802
0.354959
-0.891587
-0.0997665
-0.64496
-0.319873
-0.086622
0.6986
0.0277465
-0.531006
0.761465
-0.249434
-1.35149
1.60062
0.715161
-1.92464
-1.6816
-0.918438
-1.75898
-0.077224
0.021899
0.416438
-0.534562
0.64997
-0.14645
-0.0353548
-0.458861
-0.0355766
-0.352266
0.125367
-0.196887
0.0184785
-34.7358
-11.0341
38.1024
22.2081
14.4724
3.68358
-10.5577
-2.86407
20.4831
9.91234
40.2627
41.4856
73.0445
-22.5004
-2.30628
0.0311978
-29.7326
-17.9848
-18.7317
-14.3089
2.89118
-3.51174
57.0531
-27.1927
-0.345811
0.395926
-16.1357
-6.13085
-7.26294
-6.73793
49.8515
16.2971
56.5727
-43.6372
-9.70618
-1.87825
-12.9856
-3.35491
-3.43699
-2.01104
21.7722
-12.4007
46.9025
-18.7422
0.381009
0.212936
-12.2941
-0.487415
0.449808
3.14136
48.8825
10.3696
40.4623
-13.3909
3.52039
0.978709
-8.29055
-0.919685
-14.223
-8.38779
30.8848
-21.9065
50.7695
-6.17074
8.44059
1.5759
-2.27255
8.04698
-4.794
2.07767
39.2654
-37.9854
5.69619
-14.8911
3.70615
1.22115
-8.51585
2.54547
-11.9317
-2.88042
-325.94
431.378
167.885
22.9939
0
0
0
0
0
0
0
0
-529.091
373.637
359.206
113.04
0
1.95255e-19
0
0
0
0
0
0
-332.928
516.761
158.125
88.5697
4.86768e-24
-1.42028e-13
0
8.95428e-16
0
0
0
0
-229.582
517.426
180.935
42.2359
0
-8.96336e-16
0
-3.10092e-14
0
0
0
0
1654.49
495.653
-1765.46
50.0345
0
9.30921e-14
0
-5.33867e-14
0
0
0
0
-1025.8
375.252
1016.28
44.0987
9.38038e-24
0
0
-1.22768e-13
0
0
0
0
507.258
543.606
-632.767
66.9529
0
0
0
-1.57568e-13
0
0
0
0
-239.978
276.08
239.707
276.326
0
0
0
0
0
0
0
0
