1.78227
-0.0464
0.746369
-0.169224
0.0257755
0.185874
-0.0424254
-1.0044
0.1504
0.2794
-0.6654
-0.6273
0.6999
-0.2915
1.89612
0.108909
1.83794
1.31265
-0.432167
-2.71842
-0.891093
2.2443
-1.2768
1.11607
-1.84407
-1.14485
-1.22711
-0.061478
0.754385
-0.390295
0.240221
0.176861
-0.111754
-1.23128
0.817226
0.442025
-0.26835
-0.48859
0.824768
-0.385382
2.29161
-0.281126
-0.667549
0.842504
0.705222
-0.261714
-0.891195
2.61877
0.824259
1.55914
0.544887
0.491457
-0.368613
0.00131649
0.742076
-0.560242
0.432253
0.303651
-0.178425
-1.44565
1.48366
0.642777
0.127528
-0.393692
0.949924
-0.479088
1.3943
-0.0479684
-0.383723
0.253271
0.314091
0.506619
-0.610615
1.44186
0.747283
1.2102
-0.343751
0.235494
-2.06505
0.0319901
0.732579
-0.599633
0.449947
0.443693
-0.294008
-1.59927
1.80198
0.657508
0.524305
-0.480532
0.990302
-0.763732
0.116785
0.367267
1.25344
-0.484267
0.621234
-0.557241
-0.303328
0.0588791
0.0200123
1.55963
0.123184
-0.328052
-1.11845
0.0603981
0.720065
-0.280485
0.117241
0.564546
-0.401302
-1.67641
1.77493
0.550882
0.858867
-0.448259
0.913017
-0.73389
-0.241299
-0.0536277
1.28076
-1.30661
0.474626
-0.23777
0.848627
-0.118699
-0.437033
1.31418
2.1601
0.741299
0.771379
0.0521406
0.695788
-0.419571
0.131853
0.795834
-0.508116
-1.35974
1.91641
0.111094
0.91426
-0.0360323
1.04661
-0.43404
0.072605
-0.251733
-0.560847
0.128412
0.919589
-0.488704
2.16703
1.41661
-1.77879
0.10187
1.52692
0.3518
1.27481
0.0522044
0.589639
-0.687937
0.114055
1.41626
-0.842375
-0.790656
2.11415
-0.399289
0.935711
-0.164074
1.0464
-0.248815
-0.108017
-0.740696
-1.20097
-0.141412
2.6007
-1.46121
2.3645
0.708486
-2.06345
-0.643414
-0.628157
-0.662573
0.721112
0.0232661
0.398657
-0.991359
0.0258249
2.18004
-1.2145
-0.285299
2.30442
-0.944566
0.663197
-0.316899
1.02026
-0.0663618
-0.131396
-1.9746
-0.697388
-1.38456
2.99981
-1.74621
1.97687
0.765174
-2.56935
-1.19109
-0.554949
-0.0334708
0.312165
61.6714
58.3284
77.0477
-60.255
-23.2807
-3.32849
-2.30918
0.901726
19.7634
9.59915
53.2008
73.1764
100
-24.6651
-6.20371
-0.33202
-15.9249
-9.16336
-3.01745
-4.97475
-75.0353
-40.181
88.3583
-24.1008
-1.10026
0.271879
-5.5104
-4.12086
13.2059
0.510479
-69.7445
-46.2716
42.9219
-9.35116
2.78138
1.24359
13.8621
7.87379
17.317
8.1825
-20.511
-30.9554
26.1981
-11.1086
1.20642
0.396206
1.65722
-2.16836
12.1301
4.63201
13.7235
-26.2984
48.9055
-25.1598
3.16136
0.573973
-15.6585
-12.8803
-11.6963
-11.605
-52.505
-88.1923
2.40411
-8.68522
-0.925615
-1.32876
2.27804
-1.02023
5.66276
2.60727
2.50087
-14.9674
2.49673
-3.5575
8.74025
1.16732
-7.58281
-1.95952
53.3385
38.1049
-734.156
631.78
734.157
4.72309e-06
0
0
0
0
0
0
0
0
-3391.02
310.565
3365.1
0.28501
0
3.55227e-14
0
0
0
0
0
0
-3180.64
903.684
2862.8
4.41217
1.53172e-14
-3.29186e-14
6.37131e-14
0
0
0
0
0
-1074.13
465.97
928.649
-3.5786e-11
1.01058e-13
-1.68193e-13
-2.07528e-13
2.2023e-13
0
0
0
0
1011.83
314.558
-1011.83
117.513
2.10284e-26
2.08707e-13
1.30343e-14
1.82524e-13
0
0
0
0
-269.125
446.409
265.19
71.5396
1.07496e-13
-1.52171e-16
-2.70111e-26
-6.49042e-19
0
0
0
0
-74.3416
184.984
24.9076
140.447
-1.61602e-16
0
1.14421e-14
1.64758e-17
0
0
0
0
63.78
41.1175
-63.78
31.4326
4.92907e-16
-4.89315e-17
0
0
0
0
81.2094
232.027
