0.434667
-0.0464
0.746369
-0.169224
0.0257755
0.185874
-0.0424254
-1.0044
0.1504
0.2794
-0.6654
-0.6273
0.6999
-0.2915
1.89612
0.108909
1.83794
1.31265
-0.432167
-2.71842
-0.891093
2.2443
-1.2768
1.11607
-1.84407
-1.14485
-1.22711
0.0517911
0.743945
-0.0764116
0.0859676
0.183669
-0.193225
-1.09824
0.251304
0.238435
-0.579095
-0.703281
0.666761
-0.329489
1.99476
-0.0390361
1.49467
0.969344
0.160422
-2.42852
-1.51119
1.62499
-0.660612
1.38988
-1.2236
-0.53367
-0.611782
0.151002
0.724697
0.0164012
0.130675
0.221494
-0.368571
-1.23063
0.31431
0.23587
-0.49279
-0.742059
0.669302
-0.328974
1.97657
-0.373355
1.63705
0.719979
0.609145
-2.82382
-2.13214
1.01467
-0.0413159
1.03886
-0.609419
0.0232704
0.00838348
0.252168
0.687203
0.118054
0.177483
0.259319
-0.554857
-1.40126
0.338789
0.2718
-0.42828
-0.742243
0.700903
-0.306889
1.92245
-0.89604
1.89427
0.7538
0.34671
-3
-2.74787
0.394226
0.578634
0.420351
-0.0029448
0.508912
0.355785
0.359708
0.625956
0.235681
0.257999
0.247463
-0.741143
-1.58755
0.324742
0.346279
-0.402177
-0.704165
0.732504
-0.262965
1.87681
-1.44208
2.09048
1.29666
-0.270083
-3
-3
-0.226214
1.19944
-0.18309
0.613216
1.07441
0.707463
0.463945
0.53641
0.36549
0.368111
0.193828
-0.927428
-1.77384
0.272321
0.457776
-0.413544
-0.628344
0.799219
-0.219041
1.75428
-1.89352
2.53007
1.79778
-0.86376
-3
-3
-0.847166
1.79561
-0.789126
1.22105
1.69142
1.32622
0.551827
0.418408
0.522594
0.479743
0.111377
-1.11371
-1.96012
0.18119
0.584648
-0.462543
-0.514686
0.904246
-0.120467
1.56191
-2.27369
3.14936
2.00265
-1.3278
-3
-3
-1.4676
2.38915
-1.40221
1.83038
2.29897
1.94013
0.61259
0.273874
0.718152
0.581848
0
-1.3
-2.14641
0.051605
0.733
-0.549612
-0.376712
1.047
2.49079e-13
1.35373
-2.53058
3.76195
1.64426
-1.79362
-3
-3
-2.08688
2.38909
-2.01869
2.22196
2.88816
1.94778
79.7459
66.0277
66.3909
-78.2036
-33.329
-5.4431
0.345128
1.9235
15.5183
8.06095
35.1601
34.5601
52.4732
-50.0121
-21.4627
-3.37616
-3.50747
0.254649
23.5872
13.4817
-4.35656
1.74267
19.8212
-21.5789
-10.0471
-1.4024
-2.02566
1.13421
23.849
15.2212
9.05211
3.12084
5.42352
-24.038
-11.9806
-1.84863
-1.67985
0.867121
11.8588
7.35891
-23.6257
-13.7874
9.28265
0.775354
-0.267875
0.482774
-0.00655214
1.82487
24.8567
15.5879
-42.292
-21.5606
14.7998
3.27217
1.43387
0.890879
6.80151
5.90138
30.8589
18.9187
-47.792
-23.7091
10.0436
7.18105
3.388
1.4684
11.0282
7.40779
29.7285
18.5897
-37.8432
-26.7321
-6.51937
-12.6654
-5.81745
-1.09195
-7.54107
0.00328195
13.8536
6.82801
29.0782
503.307
31.3444
-3.7879e-11
0
0
0
0
0
0
0
0
-61.2644
402.725
73.9252
-5.10147e-14
0
0
0
0
0
0
0
0
8.60292
164.522
-3.91606
-8.199e-13
0
0
0
0
0
0
0
0
-43.6331
37.0413
43.6331
-1.58673e-12
0
0
0
0
0
0
0
0
-42.7683
105.044
6.00275
-1.42808e-12
0
0
0
0
0
0
0
0
-40.8513
150.841
-11.9432
-3.15259e-12
0
0
0
-9.04948e-19
0
0
0
0
-16.9405
129.355
-28.3337
-2.43361e-12
0
0
0
0
0
0
0
0
-1.53437
12.9787
1.53437
57.6946
0
-5.69035e-14
0
0
-36.0246
102.926
0
0
