1.62217
-0.0464
0.746369
-0.169224
0.0257755
0.185874
-0.0424254
-1.0044
0.1504
0.2794
-0.6654
-0.6273
0.6999
-0.2915
1.89612
0.108909
1.83794
1.31265
-0.432167
-2.71842
-0.891093
2.2443
-1.2768
1.11607
-1.84407
-1.14485
-1.22711
-0.157919
0.754689
-0.392033
0.121752
0.160907
-0.155846
-0.700144
0.8456
-0.0164842
0.000241197
-1.05464
0.434593
-0.575869
1.36893
0.0344778
2.03744
0.195329
0.0492834
-0.485826
1.1609
2.99993
-2.40647
2.89543
-2.98811
-2.25651
-1.47449
-0.130332
0.748843
-0.070391
-0.192264
0.200409
-0.0663559
-0.354907
1.50987
-0.304445
0.671927
-1.56817
-0.0886755
-1.02227
0.456477
-0.0244246
2.64703
-1.40059
0.169205
0.318209
1.49321
1.45868
-1.10803
2.89905
-1.82912
-2.253
-2.08133
-0.133014
0.740857
0.235194
-0.516112
0.206609
0.0236075
-0.0851289
1.81034
-0.534255
1.04326
-1.54786
-0.451064
-1.50519
0.106134
-0.0422151
1.76308
-0.722406
0.0121176
0.690418
0.547544
1.1327
-0.149254
1.25614
0.101019
-1.76201
-0.271687
-0.120041
0.738123
0.373439
-0.643425
0.209444
0.0607425
-0.363338
1.96395
-0.690923
1.04415
-1.38516
-0.772445
-1.57073
0.0853741
0.025341
0.66684
0.255197
0.0850136
0.219351
-1.21786
0.671392
-0.701037
-0.831312
0.717328
-1.14956
1.1676
-0.111925
0.739027
0.320278
-0.584443
0.221505
0.0470227
-0.766897
1.82175
-0.841016
0.830189
-1.22479
-0.930184
-1.49178
0.149862
-0.0746877
-0.230268
0.254214
0.0396485
-0.0563546
-1.75682
-0.62055
-0.480803
-1.17894
0.202001
0.239982
2.18544
-0.108339
0.739589
0.262447
-0.525465
0.231012
0.0332849
-1.17102
1.67933
-0.756932
0.682311
-1.17812
-0.951009
-0.974605
0.0319991
0.00585855
-0.30694
0.0519051
-0.00603895
-0.065519
-1.2759
-0.0428831
0.874015
-0.368713
-0.0373579
-0.185996
2.2601
-0.0992907
0.741108
0.242141
-0.491308
0.232209
0.0145304
-1.47587
1.68944
-0.541241
0.631534
-1.15798
-1.07717
-0.584819
-0.108489
0.0359751
0.0135309
0.218162
-0.0138501
-0.553708
-1.3098
1.16588
1.09254
-0.106085
0.164874
-0.945787
1.49711
-1.71125
6.10122
25.0715
3.25358
2.61777
1.21191
-8.27075
-4.07714
3.93172
1.73447
-8.92696
16.5409
78.6942
-2.0989
11.9402
1.41409
2.12793
-2.61342
-8.16485
-9.01769
18.7527
21.27
48.9072
-5.70535
11.2931
0.751526
0.774894
-4.43613
10.9163
5.05415
82.875
56.1327
66.1361
-1.84705
6.74028
0.022415
2.2981
-5.75667
-6.64325
-5.99459
77.9479
45.2438
38.7632
-10.1084
-1.82296
-1.44883
-0.62511
-6.34813
-4.22731
-2.22556
65.1155
36.406
43.9529
-0.935326
10.2753
0.594932
11.9695
-1.37731
-6.27351
-2.16475
46.7798
13.3698
21.3725
3.19366
15.7568
1.67871
14.1715
2.39227
-23.3437
-12.8167
57.4216
18.9022
17.7135
-14.2304
4.04832
-0.302815
6.90415
-2.06247
-14.9546
-5.6749
-198.373
257.036
165.426
30.9627
0
-4.3868e-14
-6.75838e-14
0
0
0
0
0
-712.639
557.783
455.479
176.959
0
-4.6676e-14
0
0
0
0
0
0
-648.24
336.61
546.987
46.9961
0
5.88029e-17
0
5.33106e-16
0
0
0
0
-499.503
567.242
422.61
55.5413
-4.49404e-16
2.47851e-16
0
0
0
0
0
0
-2854.34
383.761
2853.03
81.2045
-9.13507e-19
-1.36667e-13
0
0
0
0
0
0
3433.6
469.44
-3447.55
137.597
0
-1.63846e-13
0
7.24893e-15
0
0
0
0
-2092.1
374.121
2027.46
201.744
0
0
7.55992e-15
0
0
0
0
0
3262.55
336.549
-3267.14
220.249
0
0
0
0
0
0
0
0
