0.373383
-0.0464
0.746369
-0.169224
0.0257755
0.185874
-0.0424254
-1.0044
0.1504
0.2794
-0.6654
-0.6273
0.6999
-0.2915
1.89612
0.108909
1.83794
1.31265
-0.432167
-2.71842
-0.891093
2.2443
-1.2768
1.11607
-1.84407
-1.14485
-1.22711
0.0535381
0.743571
-0.0865447
0.0957928
0.189772
-0.19902
-1.08032
0.241893
0.239558
-0.605869
-0.725664
0.611046
-0.329072
1.96933
-0.0943911
1.55002
1.26033
0.0731021
-3
-1.42323
1.71525
-0.744291
0.589091
-1.31455
-1.66579
-0.704357
0.150921
0.725338
-0.0140981
0.169947
0.203193
-0.359042
-1.18461
0.331472
0.228168
-0.574446
-0.795783
0.49619
-0.338821
2.03683
-0.341833
1.35815
1.78011
0.251569
-3
-1.95538
1.67937
-0.213503
0.0595074
-0.78205
-2.1533
-0.182736
0.247847
0.691315
0.0489956
0.264894
0.205173
-0.519063
-1.31689
0.421051
0.244691
-0.598326
-0.8375
0.359548
-0.320323
2.09817
-0.787049
1.18277
2.26898
0.0371218
-3
-2.47991
2.20178
0.309798
-0.447719
-0.249847
-2.5617
0.346837
0.34565
0.638425
0.112089
0.385918
0.181077
-0.679084
-1.47691
0.538602
0.289621
-0.650064
-0.850829
0.199527
-0.274156
2.0129
-1.28153
1.44554
2.64472
-0.491687
-3
-3
2.20377
0.842389
-0.970003
0.275146
-3
0.86557
0.440318
0.563313
0.189193
0.522289
0.127624
-0.839105
-1.63693
0.628183
0.362846
-0.730221
-0.836156
0.0395058
-0.22799
1.86174
-1.67283
1.95805
2.67633
-1.00273
-3
-3
1.67595
1.37285
-1.50282
0.806266
-3
0.865497
0.520204
0.470045
0.293625
0.636731
0.06877
-0.999126
-1.79696
0.689316
0.463305
-0.83777
-0.793153
-0.120515
-0.181824
1.70384
-2.06153
2.4847
2.14464
-1.28933
-2.95802
-2.99082
1.14606
1.90121
-2.03389
0.961161
-3
0.341676
0.581987
0.360083
0.426148
0.733
0
-1.15915
-1.95698
0.722397
0.592797
-0.97435
-0.741791
-0.280537
-0.163596
1.52036
-2.24277
3.00341
1.80449
-1.28667
-3
-3
0.620123
2.42775
-2.56062
1.09284
-3
0.284137
99.6751
73.2777
51.6521
-70.3229
-30.7226
-5.07609
-21.1712
-10.7784
-14.4042
-7.92122
50.3397
39.3049
52.9625
-48.972
-20.9357
-3.26758
-13.9872
-5.39777
-1.02418
-0.284156
53.3503
38.9467
40.7571
-38.8338
-13.6027
-1.69392
-15.531
-7.198
-10.879
-5.40572
4.58852
0.709659
-0.112956
-6.37231
-0.101629
0.678945
-2.80418
0.218332
-0.478149
1.78706
-14.5666
-9.72524
11.3895
-9.06935
-3.96822
-0.289454
3.66283
5.20857
1.99578
3.48559
-47.1106
-22.9982
7.65745
27.3609
12.8844
2.99657
4.49676
5.59757
16.2257
8.18429
2.63657
-0.983316
-2.14681
-9.3678
-3.90561
-0.202081
-0.61138
-1.02378
-10.9744
-7.20577
-9.62401
-7.61522
9.59893
4.09142
6.65754
2.43797
2.20982
2.90023
-60
-31.6779
797.195
345.995
-676.097
8.26842e-14
0
0
0
0
0
0
0
0
668.289
406.139
-668.289
0
0
1.61476e-16
1.50028e-14
0
0
0
0
0
-408.452
256.33
498.167
0
0
2.65268e-13
-1.41784e-16
0
0
0
0
0
-149.067
1.42152e-13
149.067
0
0
2.06231e-13
0
4.21852e-16
0
0
0
0
120.281
119.869
-162.233
-1.30807e-13
0
-2.84283e-14
0
-2.12504e-14
0
0
0
0
-237.013
99.4774
202.196
-2.77556e-17
0
-8.12093e-14
0
-2.69841e-13
0
0
0
0
-1175.36
0.66755
1175.12
-1.60703e-13
0
0
0
-8.84887e-19
0
0
0
0
1962.03
101.744
-1997.64
-7.10543e-15
0
-1.33804e-13
0
-5.74511e-14
0
0
-121.824
348.067
