0.41064
-0.0464
0.746369
-0.169224
0.0257755
0.185874
-0.0424254
-1.0044
0.1504
0.2794
-0.6654
-0.6273
0.6999
-0.2915
1.89612
0.108909
1.83794
1.31265
-0.432167
-2.71842
-0.891093
2.2443
-1.2768
1.11607
-1.84407
-1.14485
-1.22711
0.0623272
0.743436
-0.0642393
0.101627
0.160522
-0.197909
-1.09095
0.247723
0.237581
-0.601974
-0.701438
0.632739
-0.329447
1.91305
-0.196406
1.79419
1.04037
-0.451456
-2.62681
-1.47588
1.65854
-0.692753
0.635322
-1.26333
-1.14485
-0.646424
0.168897
0.721533
0.0411106
0.161933
0.165471
-0.368514
-1.21183
0.310853
0.231184
-0.564514
-0.743625
0.59259
-0.333172
1.90366
-0.486877
1.9342
1.02839
0.0950546
-2.99288
-2.06144
1.07523
-0.108127
0.307628
-0.678103
-0.582502
-0.0625872
0.272859
0.680838
0.154714
0.21796
0.17135
-0.544024
-1.36693
0.339708
0.258832
-0.545578
-0.749255
0.592308
-0.303229
1.87435
-0.912507
2.16926
0.957423
0.200923
-2.91173
-2.64539
0.490465
0.473059
0.327998
-0.0945452
-0.00129218
0.512451
0.371923
0.620702
0.28216
0.273277
0.164092
-0.719529
-1.54277
0.334461
0.28648
-0.527089
-0.720677
0.626268
-0.257089
1.81311
-1.38233
2.48825
0.946638
-0.123146
-2.99276
-2.99772
-0.0913103
0.471202
0.261496
0.489042
0.582877
1.09102
0.463211
0.539681
0.428384
0.328327
0.138653
-0.895365
-1.71876
0.300852
0.313999
-0.518039
-0.6579
0.694169
-0.192062
1.70671
-1.78608
2.95396
0.942816
-0.487167
-3
-3
-0.677399
0.455308
-0.138409
1.07247
1.16194
1.56898
0.543097
0.434931
0.601893
0.385383
0.084078
-1.07135
-1.89474
0.226876
0.340471
-0.525805
-0.560895
0.791508
-0.0988718
1.61553
-2.17974
3.3668
0.977081
-1.06486
-3
-3
-1.26385
0.455305
-0.674997
1.65643
1.66491
1.5927
0.603043
0.306809
0.799584
0.447758
0
-1.24734
-2.07073
0.118698
0.368027
-0.562945
-0.442026
0.889067
-0.00553554
1.6536
-2.39365
3.7813
1.15228
-1.43459
-2.8639
-2.73083
-1.84754
0.471832
-0.640999
2.03036
2.1342
1.74688
48.1911
34.7265
26.6722
-43.8196
-19.6508
-3.08729
-6.6247
-2.06574
-6.07001
-2.07961
30.5197
27.2229
42.1439
-44.9588
-19.3047
-2.98461
-11.4352
-3.88267
22.8284
13.5251
-0.982264
7.78708
26.1899
-28.9156
-12.9116
-1.88836
6.456
6.23042
25.4126
15.9292
-6.16381
-2.63691
7.82445
-24.3529
-11.7862
-1.77667
14.5988
10.1428
22.243
14.7465
-29.1508
-14.4639
7.35604
-3.87628
-3.29441
-1.25929
10.4872
7.70028
26.9396
17.3016
-38.218
-19.7577
9.86286
7.30758
3.11648
1.15183
8.2185
5.94337
25.3321
15.6181
-12.9825
-8.05831
2.80862
-9.62389
-5.85792
-1.66618
8.13569
5.12918
7.13051
3.95586
-97.3562
-58.6047
-2.53046
5.54986
3.8557
1.66596
57.3468
40.6574
32.4377
19.7225
63.7046
190.992
7.42603
13.9132
0
0
0
0
0
0
0
0
15.7049
348.155
-10.9514
23.7425
0
-1.2049e-14
2.02462e-13
-1.41951e-13
0
0
0
0
7.90924
206.741
-3.71933
11.6013
0
-1.46025e-13
1.4095e-13
2.62061e-13
0
0
0
0
4.47757
67.6795
-4.48253
3.34181
0
1.32575e-23
0
0
0
0
0
0
-13.9281
90.5351
-17.9709
0.843303
0
1.6513e-13
0
2.05317e-13
0
0
0
0
-41.4428
112.627
0.815394
3.4514
0
-2.00883e-14
0
0
0
0
0
0
2.13615
42.5639
-2.13615
0.81739
0
0
0
6.89422e-14
0
0
0
0
32.0573
69.9682
67.848
215.475
0
2.7963e-14
0
-6.81069e-14
31.3059
89.4429
0
0
