2.40046
-0.0464
0.746369
-0.169224
0.0257755
0.185874
-0.0424254
-1.0044
0.1504
0.2794
-0.6654
-0.6273
0.6999
-0.2915
1.89612
0.108909
1.83794
1.31265
-0.432167
-2.71842
-0.891093
2.2443
-1.2768
1.11607
-1.84407
-1.14485
-1.22711
-0.100115
0.744627
-0.34589
0.221052
0.037674
-0.112514
-0.375764
1.17917
-0.175734
-0.282674
-1.25967
1.047
-0.0171893
1.67739
-0.00631881
0.315575
0.580879
0.303874
-0.212603
1.93436
3
-2.5168
-2.23459
1.50868
1.50556
0.856146
0.00283266
0.742885
-0.232711
0.101724
0.313589
-0.182602
0.252872
2.20794
-0.550489
-1.05149
-0.867494
1.047
-0.00859464
0.292711
-0.00328571
1.37553
-1.17789
0.929441
0.1018
0.304057
0.504219
-1.0877
-2.18069
1.70029
-0.000353445
-0.0100996
0.0438856
0.74147
0.241555
-0.30478
0.305725
-0.2425
0.0136646
2.3794
-0.925245
-1.82031
-0.478852
1.047
0
-0.178795
0.0049093
1.54718
-0.642049
-0.0196336
-0.178089
-1.01444
-0.349422
-1.27659
-0.673239
0.778996
0.000141019
-0.0521163
-0.0150572
0.743116
0.358385
-0.510036
0.299089
-0.147438
-0.322668
1.78945
-1.3
-2.11025
-0.19881
1.04692
0
0.0236767
0.0050671
0.356639
0.622713
-0.0657636
0.287276
-1.08834
-0.867831
0.742787
1.18952
0.764644
-0.000384713
0.00141025
0.000489647
0.743831
0.181375
-0.297834
0.277083
-0.160624
-0.659002
1.53439
-1.05563
-1.75122
0
1.02644
-0.162707
0.238016
-0.212707
-0.516562
1.34437
0.539446
-0.425313
-1.05943
0.207631
0.400235
1.09456
0.594581
-0.0660925
-0.315036
0.0340424
0.731036
0.00436474
-0.160351
0.463052
-0.307066
-0.995335
1.10558
-1.05609
-1.61004
-0.545996
0.8389
-0.325414
0.0358376
-0.0374137
0.00169587
0.436284
0.642587
0.120546
-0.941872
-1.51968
2.47232
0.383958
-1.67495
-0.608617
1.16749
-0.0277488
0.719412
0.00744087
-0.338133
0.616029
-0.285337
-1.33167
0.67677
-0.29838
-1.46887
-1.34013
0.208901
6.74039e-12
-0.249195
0.0870296
0.704381
-0.551868
0.454517
0.074712
-0.908493
-1.52073
2.46741
0.383429
-2.48352
-1.98873
1.85141
12.7498
20.4746
41.1832
-6.75607
-0.519155
0.855427
-17.4564
-7.97104
20.3845
11.5783
5.6027
48.7413
100
-12.0179
7.42419
-0.067717
-19.4391
-10.6236
21.8601
7.96016
-40.8358
-26.0092
34.584
17.3858
7.26835
1.49805
0.116999
3.08485
1.90461
-2.4385
40.3301
28.2039
76.3162
9.36826
13.3407
1.33215
-19.5591
-8.39954
26.1457
12.1624
58.7929
39.6633
58.8761
13.9751
17.7444
0.623496
-13.5873
-1.39482
1.11532
-4.47798
60.0872
43.3052
71.5118
-5.35342
6.1861
-0.65858
-40.3325
-18.8353
24.4378
11.4477
8.14795
-6.92244
60.5997
-8.45135
4.09678
-0.677744
-19.6773
-5.75849
10.166
2.21309
39.4336
-11.8676
36.2519
-27.0558
-7.2161
-1.40699
-17.0938
-2.24125
7.07588
1.2413
147.14
357.972
-147.14
-2.0201e-28
0
0
0
0
0
0
0
0
-441.949
741.837
252.257
-3.26687e-27
0
0
0
0
0
0
0
0
-183.01
386.352
47.7867
-2.20268e-13
0
0
0
0
0
0
0
0
77.6973
623.541
-78.3119
0
0
0
0
0
0
0
0
0
594.27
468.218
-597.131
-5.33418e-28
0
1.28603e-13
0
0
0
0
0
0
1164.21
577.019
-1164.21
15.3947
0
0
0
0
0
0
0
0
-62.6251
548.764
32.5787
26.3184
0
0
0
0
0
0
0
0
-47.6735
406.502
46.4466
142.349
0
0
0
0
0
0
0
0
