0.425048
-0.0464
0.746369
-0.169224
0.0257755
0.185874
-0.0424254
-1.0044
0.1504
0.2794
-0.6654
-0.6273
0.6999
-0.2915
1.89612
0.108909
1.83794
1.31265
-0.432167
-2.71842
-0.891093
2.2443
-1.2768
1.11607
-1.84407
-1.14485
-1.22711
0.0585585
0.742989
-0.0909448
0.107402
0.190976
-0.207433
-1.09514
0.249965
0.238407
-0.597631
-0.739274
0.5943
-0.34027
2.05517
-0.140089
1.28916
1.36052
0.0859689
-2.71681
-1.49438
1.63971
-0.673927
0.51002
-1.25605
-1.73909
-0.803179
0.164538
0.721
-0.0214146
0.19105
0.219805
-0.38944
-1.22197
0.314104
0.234279
-0.600809
-0.815543
0.453376
-0.354087
2.10515
-0.555616
1.14493
1.81438
0.508091
-2.99743
-2.08867
1.0563
-0.0679897
-0.0807553
-0.656908
-2.32083
-0.227538
0.273137
0.678794
0.0481071
0.300689
0.222676
-0.571448
-1.38539
0.341769
0.266871
-0.642172
-0.855431
0.275756
-0.34012
1.96915
-1.09768
1.5783
1.80561
0.0202385
-2.71682
-2.69138
0.455594
0.536752
-0.681184
-0.0675654
-2.92519
0.230019
0.381878
0.611926
0.143943
0.417274
0.193083
-0.75357
-1.56756
0.332675
0.335875
-0.719071
-0.859534
0.0935923
-0.299098
1.81289
-1.54319
2.142
2.0193
-0.533576
-2.99931
-3
-0.149767
1.13641
-1.27522
0.498734
-3
0.675575
0.483457
0.516747
0.274008
0.536651
0.125044
-0.935703
-1.74972
0.287141
0.441686
-0.826793
-0.827992
-0.0885712
-0.257389
1.65932
-1.92622
2.71446
2.04709
-1.12056
-2.99951
-2.87274
-0.746905
1.74256
-1.84415
1.05409
-2.76431
0.686883
0.562995
0.399371
0.438833
0.62731
0.0516932
-1.11784
-1.93188
0.205073
0.580649
-0.939834
-0.763986
-0.270735
-0.215681
1.51247
-2.30993
3.31137
1.48262
-1.21081
-2.78768
-3
-1.35156
2.24345
-2.42607
1.04683
-3
0.122876
0.61919
0.255891
0.639903
0.684746
0
-1.3
-2.11405
0.086891
0.733
-1.1073
-0.700422
-0.452898
-0.20822
1.40811
-2.44013
3.89928
0.926846
-0.850235
-3
-2.9957
-1.94631
2.50902
-3
0.551379
-2.99919
-0.0673719
99.862
71.656
49.1685
-69.4472
-30.3087
-5.01674
-21.4901
-11.0083
-16.7888
-10.195
87.4245
63.1333
58.2806
-67.5646
-29.4933
-4.89566
-20.9977
-10.1669
-10.7828
-6.12858
8.18557
3.58713
6.24311
-18.3341
-9.3822
-1.38034
-0.816058
1.85186
-2.71353
0.474149
-15.398
-9.38395
8.54599
-8.4881
-4.20784
-0.333804
4.41351
5.70315
0.541268
2.14977
-30.9133
-15.7351
15.753
2.12614
1.01423
0.803669
2.40642
4.1949
23.8526
15.7727
-32.2426
-17.2498
3.97918
15.7147
7.16476
2.0292
8.81958
7.28785
5.27475
2.21562
7.22263
2.30763
-0.0774179
-16.2313
-7.55923
-0.872934
-2.43028
-3.84056
-7.45344
-5.34322
-15.7634
-19.8782
-11.7362
-2.37345
0.888418
1.06881
-3.38903
-4.05334
-57.1509
-29.026
964.569
333.131
-844.299
10.4966
0
1.61805e-15
0
0
0
0
0
0
332.298
391.935
-252.081
0.807855
0
1.14114e-13
0
0
0
0
0
0
271.032
46.8641
-271.032
0.0245544
0
-1.11827e-13
0
0
0
0
0
0
154.565
90.5865
-185.246
3.43591e-29
0
0
1.64888e-19
0
0
0
0
0
14956.5
145.61
-15007.3
-5.48484e-14
-2.15571e-13
2.48795e-15
-9.83447e-15
0
0
0
0
0
2587.41
70.7943
-2612.19
0
7.75231e-14
0
1.8501e-13
0
0
0
0
0
-79.4817
6.77933
79.4817
6.14704
0
0
0
5.21853e-14
0
0
0
0
-1036.66
0.481419
1065.7
82.5078
0
0
-2.31625e-14
0
0
0
-113.379
325.962
