0.36758
-0.0464
0.746369
-0.169224
0.0257755
0.185874
-0.0424254
-1.0044
0.1504
0.2794
-0.6654
-0.6273
0.6999
-0.2915
1.89612
0.108909
1.83794
1.31265
-0.432167
-2.71842
-0.891093
2.2443
-1.2768
1.11607
-1.84407
-1.14485
-1.22711
0.0531679
0.743769
-0.0856424
0.0968316
0.184688
-0.195874
-1.07784
0.244768
0.238881
-0.586018
-0.724116
0.612518
-0.345231
1.954
-0.0384222
1.59155
1.47689
-0.00623793
-2.98323
-1.39869
1.79679
-0.756631
1.51159
-1.32671
-1.6641
-0.905107
0.154216
0.725206
-0.00206046
0.174381
0.180196
-0.352517
-1.17882
0.312059
0.22667
-0.488635
-0.774571
0.497581
-0.38268
1.94654
-0.353321
1.67907
1.64062
-0.204516
-2.75061
-1.92302
1.28109
-0.232425
1.85415
-0.82985
-2.18891
-0.393081
0.252133
0.690403
0.0861205
0.250716
0.172599
-0.510039
-1.30729
0.363136
0.242013
-0.375676
-0.793817
0.356045
-0.40088
1.88927
-0.773483
1.94586
1.37816
-0.144406
-2.99988
-2.44665
0.972414
0.292354
2.15049
-0.340346
-2.69551
0.0929814
0.344033
0.640058
0.188309
0.314258
0.165007
-0.667574
-1.45996
0.416697
0.284914
-0.262718
-0.788495
0.198511
-0.394339
1.84708
-1.26227
2.14108
1.20937
-0.113769
-3
-2.90759
1.092
0.817209
2.08503
0.101335
-3
0.380073
0.430857
0.57205
0.300746
0.385022
0.13934
-0.825108
-1.61748
0.473263
0.355362
-0.153191
-0.772072
0.0409767
-0.373271
1.80376
-1.70699
2.36852
1.43339
-0.5776
-2.99961
-2.99981
0.998161
1.34186
1.63623
0.312692
-2.90278
0.633308
0.511512
0.482069
0.425124
0.47597
0.0815962
-0.982643
-1.77502
0.498379
0.44844
-0.0672315
-0.750434
-0.116424
-0.341202
1.71556
-2.09393
2.77076
1.82049
-1.10075
-3
-2.99999
0.477737
1.86449
1.11822
0.412
-2.99748
0.595231
0.577728
0.370322
0.570623
0.571568
0
-1.14018
-1.93255
0.499811
0.573704
-0.00847145
-0.713897
-0.273824
-0.309959
1.58082
-2.27877
3.27923
2.06024
-1.60588
-2.99999
-2.87319
0.0265829
2.38587
0.901039
0.695871
-2.99704
0.467241
80.1961
64.1452
69.0499
-68.6133
-28.129
-4.36951
-0.235033
1.92283
-11.8256
-8.87947
44.195
32.7093
37.4213
-48.3065
-21.3
-3.41428
8.14066
6.25397
-6.42558
-2.74197
0.098149
4.43286
22.571
-23.1193
-10.4847
-1.46034
16.9087
11.4134
-0.628639
1.45937
-1.91219
1.34736
1.69869
-12.1129
-4.90497
-0.384366
18.393
11.2585
-3.20923
0.862212
-1.18765
-2.15037
1.52466
-2.15724
1.33983
0.95659
-0.132997
-0.0428653
0.696869
1.38899
-18.6915
-10.5056
6.82799
8.21027
3.17558
1.12682
-5.55091
-3.91651
18.5549
12.6474
-5.32002
-5.67806
7.3769
-0.252482
-0.0656788
0.566524
-0.0689372
0.128627
-9.11594
-5.87888
-23.9796
-16.9671
5.58916
9.92819
8.12801
2.64591
23.7532
11.8047
-55.5345
-24.5853
-3984.89
540.316
4003.8
3.06231e-06
0
0
0
0
0
0
0
0
-355.201
275.342
379.25
0.00527804
0
0
0
0
0
0
0
0
3699.16
182.175
-3693.98
0.0183207
-2.14241e-14
-1.15388e-16
-1.50308e-16
0
0
0
0
0
531.869
12.8704
-531.869
0.0390424
0
0
-2.72824e-14
0
0
0
0
0
478.574
24.2496
-483.875
0.026243
0
0
2.6452e-13
0
0
0
0
0
-771.374
75.1713
744.989
0.212847
-2.97704e-15
-8.74715e-18
0
-1.3952e-15
0
0
0
0
-67.9094
79.8241
39.9649
0.0175408
0
0
0
0
0
0
0
0
228.458
92.852
-263.358
8.39086
0
0
3.9736e-15
0
0
0
-100.496
287.132
