1.88149
-0.0464
0.746369
-0.169224
0.0257755
0.185874
-0.0424254
-1.0044
0.1504
0.2794
-0.6654
-0.6273
0.6999
-0.2915
1.89612
0.108909
1.83794
1.31265
-0.432167
-2.71842
-0.891093
2.2443
-1.2768
1.11607
-1.84407
-1.14485
-1.22711
0.0315886
0.743319
-0.338333
0.378595
0.0697143
-0.145171
-0.564022
0.956753
0.637993
-0.365418
-1.12296
1.00595
-0.0406129
2.21115
-0.0410608
-0.629135
2.25522
-0.19708
-0.382285
1.63837
3
1.32785
-0.437477
0.311179
1.13864
0.933441
0.13697
0.732282
-0.507441
0.733
0.0168168
-0.242376
-0.123643
1.76311
0.733
-0.890386
-1.0392
1.047
0
1.21261
0.0232608
0.44649
0.985742
0.381335
-0.290123
1.64409
1.55703
0.353445
-1.95362
2.76884
0.152726
0.151069
0.10108
0.739776
-0.387448
0.560679
0.00864379
-0.181874
0.312082
1.60572
0.405778
-1.30867
-0.515235
1.047
0
-0.133531
0.26895
2.80707
-0.641225
-0.0321672
0.225082
-0.0820636
-0.585548
-1.2172
-0.381959
1.9493
-1.14621
-0.522327
0.0649758
0.745221
0.367047
-0.245675
0
-0.121372
0.28989
1.25279
-0.0607254
-1.08623
-0.107687
0.738918
-0.14039
-0.686583
0.0177399
4.32538
-3
0.123156
1.38248
-1.4858
-2.42182
-2.39297
0.827222
0.303022
1.14621
0.522327
-0.00827816
0.749883
1.04097
-1.05203
0.0388799
-0.0278167
0.110172
0.650759
-0.435639
-0.389348
-0.0520439
1.047
0
0.40521
-0.0077806
2.50728
-1.74261
0.193546
-0.779889
-0.668763
-2.23975
-1.3952
2.5926
0.11111
2.26385
2.17767
0.100649
0.73924
1.63888
-1.50755
0.0914492
-0.222776
-0.55671
0.0487302
-0.810553
0.307535
-0.0222081
1.047
-2.20549e-06
1.28462
-0.265585
2.22452
-1.73541
0.197809
-0.725308
-2.48129
-0.181722
0.0509542
2.79354
0.0694355
-1.29627e-14
-8.20034e-06
0.445935
0.554304
2.02052
-1.33766
0.21683
-0.899685
-1.22359
0
-0.796924
1.047
-0.00359361
1.047
0
1.65251
-2.47524
1.17316
0.63217
0.903769
-3
-0.730832
0.731013
1.4835
3
0.099348
0.235949
0.00239676
59.5742
58.8086
89.548
-38.7017
-12.7034
-1.15956
-31.4857
-16.8806
21.4449
9.77282
12.5034
55.2433
100
-2.04374
7.59275
2.73666
-9.62699
-4.5514
14.2445
6.53113
-100
-8.35349
100
-1.60286
10.5028
0.685326
-14.8738
1.06901
9.22944
-0.27467
-77.8203
-28.7781
28.7863
22.4278
7.83464
0.476604
12.6881
6.52683
20.1345
11.0506
9.83337
29.7462
45.6356
10.116
7.58542
0.71708
1.01834
-1.4075
24.9151
14.8079
100
43.6456
-11.3324
24.9324
13.942
2.30813
12.2475
4.30159
1.93556
-3.94994
66.5328
48.1226
39.4135
1.63387
-0.83912
-1.00694
13.6298
3.88598
-18.1677
-12.7559
-17.3442
-9.44336
0.0794508
19.8412
11.2108
2.66884
-12.1071
-5.2128
14.8679
9.84992
3734.2
754.84
-3734.2
0
0
0
-1.36492e-14
0
0
0
0
0
-9064.24
300.555
8959.05
-1.16831e-13
0
1.19455e-22
0
-2.61828e-13
0
0
0
0
-956.854
913.368
768.166
0
-1.98288e-16
0
2.4638e-13
1.20056e-20
0
0
0
0
1029.03
338.344
-1147.45
0
0
1.84905e-13
0
0
0
0
0
0
68.3354
369.316
-68.3354
0
0
0
1.38315e-13
-1.40065e-14
0
0
0
0
393.418
163.743
-158.564
507.269
0
-2.36782e-13
0
0
0
0
0
0
-3074.47
250.837
3162.27
-4.9738e-14
0
0
0
0
0
0
0
0
782.69
18.6878
-782.69
0
-42.8726
0
42.8726
0
0
0
0
0
