0.250521
-0.0464
0.746369
-0.169224
0.0257755
0.185874
-0.0424254
-1.0044
0.1504
0.2794
-0.6654
-0.6273
0.6999
-0.2915
1.89612
0.108909
1.83794
1.31265
-0.432167
-2.71842
-0.891093
2.2443
-1.2768
1.11607
-1.84407
-1.14485
-1.22711
0.0213684
0.746689
-0.100808
0.069788
0.170461
-0.13944
-1.04846
0.23464
0.233429
-0.629873
-0.69238
0.66075
-0.330848
1.81448
-0.148285
2.11607
1.01384
-0.381455
-2.64831
-1.23107
2.46364
-1.3792
0.992717
-1.81838
-1.01893
-1.04999
0.0863064
0.740216
-0.0223278
0.0985139
0.157608
-0.233794
-1.1029
0.326739
0.188215
-0.594827
-0.760506
0.623366
-0.370429
1.73643
-0.364585
2.41198
0.711306
-0.300101
-2.4848
-1.55697
2.72349
-1.14203
0.979252
-2.02271
-1.06401
-1.11939
0.14845
0.727745
0.0656819
0.11592
0.142426
-0.324028
-1.16571
0.42444
0.154076
-0.559782
-0.837139
0.582863
-0.411548
1.68241
-0.5838
2.67687
0.400191
-0.434166
-2.52383
-1.81202
2.85204
-0.792937
1.27385
-2.14506
-1.15579
-1.32693
0.208662
0.709322
0.161484
0.123465
0.130002
-0.41495
-1.23395
0.525607
0.131876
-0.514193
-0.907501
0.539706
-0.456282
1.64914
-0.81284
2.90088
0.0730417
-0.343043
-2.66778
-1.95391
2.8179
-0.437053
1.56593
-1.91216
-1.36019
-1.21863
0.268863
0.684058
0.26506
0.125229
0.12068
-0.51097
-1.30377
0.626775
0.122491
-0.457433
-0.969332
0.491826
-0.499894
1.68213
-1.07063
2.93476
0.0313457
-0.100322
-2.92403
-1.84354
2.82702
-0.102952
1.85714
-1.6168
-1.44084
-1.05981
0.330087
0.650395
0.369966
0.13115
0.114478
-0.615593
-1.36888
0.728004
0.125098
-0.390311
-1.02751
0.444088
-0.539174
1.7462
-1.3476
2.92637
0.329272
-0.232518
-2.84155
-1.79359
2.90657
0.225317
2.04914
-1.61894
-1.31785
-1.16763
0.39186
0.607056
0.47578
0.151669
0.0942906
-0.721392
-1.44065
0.827312
0.137557
-0.319995
-1.08388
0.396926
-0.581779
1.70871
-1.4448
3.08328
0.640346
-0.568087
-2.97299
-1.98306
2.73879
0.470553
1.92618
-1.56636
-1.34394
-1.25194
-24.8563
-15.4172
1.23476
-3.92874
0.0892678
-0.249604
9.39254
6.40237
18.289
11.4453
-19.4162
-9.96703
10.2143
-1.4476
2.03523
0.834735
-5.89275
-2.70027
13.7227
9.00245
-17.7011
-10.1679
6.86042
-0.34586
4.61525
1.73217
7.51165
3.00241
-4.17259
-3.71377
-21.2682
-12.0766
2.6807
-4.19936
0.443633
0.690335
18.8231
11.419
0.44262
0.719034
-22.177
-12.9665
-2.85238
-0.811453
3.0974
1.25038
20.7909
13.289
-3.11228
0.664993
-2.43443
-0.851437
0.617423
1.3908
3.20287
1.2344
12.3624
6.18076
0.625926
1.26479
3.72971
-2.27315
2.60676
-11.3185
-0.271813
0.641847
-0.80072
-2.95619
-2.24759
-1.5474
18.2823
4.24997
7.58355
56.2824
-26.3208
4.92938
2.96592
-1.72221
13.7549
5.21864
-13.2449
79.7896
-26.0005
32.3402
0
0
0
0
0
0
0
0
-18.7622
146.761
-46.8455
40.7477
0
0
0
0
0
0
0
0
11.6382
118.998
-19.8833
61.524
0
4.66394e-15
0
0
0
0
0
0
6.01446
66.5437
-17.9066
36.0737
0
0
0
0
0
0
0
0
53.2017
33.5462
-53.4223
63.0316
0
2.57138e-13
0
0
0
0
0
0
-40.2421
17.4641
40.2421
14.9337
0
0
0
0
0
0
0
0
-20.7215
44.129
62.8936
76.3626
0
0
0
0
0
0
0
0
-147.434
72.7036
147.434
8.49208
-86.2163
318.566
-90.6542
186.778
0
0
0
0
