0.376118
-0.0464
0.746369
-0.169224
0.0257755
0.185874
-0.0424254
-1.0044
0.1504
0.2794
-0.6654
-0.6273
0.6999
-0.2915
1.89612
0.108909
1.83794
1.31265
-0.432167
-2.71842
-0.891093
2.2443
-1.2768
1.11607
-1.84407
-1.14485
-1.22711
0.0514875
0.743822
-0.0895998
0.0963056
0.188473
-0.195179
-1.08099
0.24227
0.239584
-0.605433
-0.726384
0.610177
-0.329383
1.99062
-0.0861524
1.48191
1.19244
0.0483644
-2.84292
-1.42548
1.70981
-0.740799
0.583003
-1.32124
-1.66984
-0.705043
0.14748
0.726043
-0.0204565
0.168125
0.208703
-0.356372
-1.18595
0.320704
0.22857
-0.574107
-0.797376
0.492494
-0.338816
2.05627
-0.373952
1.28684
1.69798
0.376513
-3
-1.95336
1.45975
-0.204991
0.0461151
-0.787105
-2.19023
-0.175551
0.244031
0.692635
0.0435752
0.25936
0.21463
-0.517565
-1.31959
0.399138
0.24622
-0.60002
-0.839668
0.346756
-0.31959
2.08384
-0.868888
1.19171
2.2098
0.11031
-2.89641
-2.48726
1.76222
0.328491
-0.482268
-0.250066
-2.71237
0.357819
0.34204
0.640378
0.107607
0.378095
0.193057
-0.678759
-1.48079
0.494059
0.292651
-0.65436
-0.853105
0.185562
-0.271991
1.99817
-1.36226
1.46608
2.54081
-0.415877
-3
-3
1.7666
0.864141
-1.01134
0.286602
-3
0.885874
0.437061
0.566003
0.186381
0.511266
0.142306
-0.839952
-1.64198
0.560548
0.367578
-0.737381
-0.837705
0.0243689
-0.224307
1.84671
-1.74672
1.99562
2.56873
-0.944546
-2.99664
-3
1.23312
1.39449
-1.54511
0.82252
-2.86883
0.887443
0.518547
0.472149
0.293608
0.626497
0.0810405
-1.00115
-1.80317
0.59809
0.470988
-0.849065
-0.79351
-0.136824
-0.176623
1.68445
-2.12117
2.52612
2.13907
-1.22133
-3
-2.96612
0.698702
1.92658
-2.08128
1.34411
-3
0.362306
0.582804
0.358176
0.429339
0.733
0
-1.16234
-1.96437
0.607266
0.603095
-0.989678
-0.72129
-0.298018
-0.157154
1.49813
-2.28794
3.04741
1.98215
-1.50826
-3
-3
0.170778
2.45867
-2.61699
1.8517
-2.98528
0.291629
97.9416
72.1793
50.9882
-69.4682
-30.3618
-5.0102
-21.0977
-10.7417
-12.6571
-6.92384
65.728
50.6607
59.1058
-57.1735
-24.4695
-3.91639
-17.4413
-7.60787
-5.07776
-2.85773
42.2313
27.9375
25.6031
-33.8724
-13.6656
-1.91829
-10.732
-4.37548
-8.89644
-3.68328
7.61766
1.82889
-0.17953
-6.71599
-0.319186
0.63453
-2.87812
0.122864
-5.61073
-1.14996
-23.2182
-13.5499
11.5014
-7.6239
-3.3641
-0.161012
3.86266
5.56346
15.1445
10.9682
-42.784
-21.3507
8.70095
25.596
11.9856
2.83908
4.49179
5.53787
9.89059
4.62966
-5.88775
-4.38326
0.0647689
-7.51107
-3.02171
0.00343246
8.83116
7.02664
-10.7123
-7.15626
-6.2237
-8.53391
8.93741
-2.01602
3.42826
1.89269
2.82664
2.98006
-60
-31.8134
65.9277
342.671
54.0072
-3.74768e-27
0
0
0
0
0
0
0
0
-0.699562
434.051
34.5048
2.1623e-16
0
0
0
0
0
0
0
0
12.4819
155.14
41.8172
-2.68872e-13
0
0
0
1.17877e-23
0
0
0
0
8.69539
0
-8.69539
0
0
1.26522e-14
-4.48965e-18
0
0
0
0
0
-12.7519
126.024
-31.3565
3.90313e-18
0
0
0
0
0
0
0
0
-9.83414
105.13
-26.9614
0
0
0
0
0
0
0
0
0
-7.72073
22.1205
-0.0214603
2.74374e-13
0
0
0
0
0
0
0
0
-55.4656
99.9362
20.4879
-1.42109e-14
0
1.85037e-14
0
0
0
0
-125.801
359.43
