1.74293
-0.0464
0.746369
-0.169224
0.0257755
0.185874
-0.0424254
-1.0044
0.1504
0.2794
-0.6654
-0.6273
0.6999
-0.2915
1.89612
0.108909
1.83794
1.31265
-0.432167
-2.71842
-0.891093
2.2443
-1.2768
1.11607
-1.84407
-1.14485
-1.22711
-0.176779
0.724142
-0.392205
-0.0634549
0.416205
-0.0363934
-0.971041
0.892332
-0.0541445
-0.38751
-0.747744
0.862961
-0.597038
1.75459
-0.08683
0.956352
-0.426763
0.95232
-0.229572
0.135362
2.97983
-1.54462
-1.21481
-0.309881
0.655558
-1.26093
-0.166486
0.701473
-0.23272
-0.313807
0.597777
-0.0567443
-0.942357
1.63426
-0.377491
-0.693013
-0.834543
0.993237
-0.911857
0.724349
-0.489451
1.96131
-1.24982
-0.145308
-0.0795432
-0.507844
1.82283
-1.14275
-2.29689
-0.345782
0.292219
-2.75569
-0.147174
0.709872
0.225503
-0.721288
0.561748
-0.0685204
-1.0095
2.04611
-0.198157
-1.28321
-0.919496
0.933115
-1.50816
0.0766967
0.0379271
1.88063
-1.72224
-0.142818
0.189098
-0.270747
0.796425
0.918968
-2.74855
0.626552
-1.10257
-2.3413
-0.12607
0.718446
0.467737
-0.91238
0.526434
-0.0727128
-0.559438
2.12395
0.0150327
-1.94352
-0.763898
0.678124
-1.69605
0.251097
0.0920215
0.497059
-0.767344
0.227022
-0.0385432
1.8095
-0.274594
0.824052
-1.9544
1.42943
-0.990546
-0.691357
-0.0636042
0.718616
0.374492
-0.757025
0.604187
-0.221655
-0.13352
1.90201
0.0413035
-2.41107
-0.674473
0.612477
-1.87177
0.369243
-0.00938171
-0.375444
0.687844
0.429666
-0.634096
1.30349
-1.01139
-0.21322
-0.769
0.358619
0.61501
-0.720021
0.000285536
0.712426
0.262055
-0.580463
0.682619
-0.364211
0.0109222
1.7581
-0.0227226
-2.59999
-0.729838
0.768897
-2.01322
0.248481
-0.0753481
-0.456202
0.736987
0.242572
-0.322992
0.181653
-0.337466
-0.387658
0.0172507
-0.253389
0.692895
-0.492553
0.0181418
0.708174
0.153723
-0.45888
0.715065
-0.409908
0.0569201
1.69582
-0.112099
-2.59042
-0.780898
0.784267
-2.0127
0.0362176
-0.00123968
-0.117913
0.148885
0.0137578
0.00514779
0.208599
-0.110308
-0.0670291
0.249701
-0.114689
0.0289189
0.0785349
46.1926
49.6111
85.8265
-27.6179
-5.75103
-0.120202
-31.6882
-15.3406
19.9473
7.74184
2.31255
-5.75247
21.101
-14.8249
-2.12657
-0.931298
-10.9435
-5.61604
6.64452
0.871621
13.3554
-32.7537
51.7383
-10.5255
8.42942
0.592608
-11.2724
-4.87332
5.40451
-4.41767
84.1983
30.4875
56.9597
-5.04641
13.0724
2.12318
-15.5436
-5.59514
5.26482
-1.36936
93.0684
26.7561
56.4946
7.59252
7.07782
0.555708
-20.0909
-6.70563
14.6484
0.104442
80.007
25.5999
54.7618
-4.14162
2.80811
-0.238073
-16.5084
-6.22556
6.53088
-4.07344
12.0475
-25.0471
55.9632
23.5033
12.8368
2.43803
-2.46182
3.51814
5.44103
-3.76332
11.3931
-36.965
31.2599
14.0626
10.085
1.59244
-7.18453
0.463009
4.03741
-5.36139
408.618
759.383
-451.579
22.6755
0
0
0
0
0
0
0
0
-1.74132
243.811
-89.7053
17.4654
-1.23873e-13
0
0
0
0
0
0
0
-391.516
633.945
154.827
47.8502
0
0
0
0
0
0
0
0
-70.8108
513.92
40.7682
27.3944
0
1.34942e-14
0
0
0
0
0
0
-69.0064
551.859
16.061
64.5872
0
0
0
0
0
0
0
0
-122.021
453.796
121.425
27.019
0
0
0
0
0
0
0
0
-135.561
528.443
90.4452
47.789
0
1.12286e-15
0
0
0
0
0
0
-81.3606
386.07
81.3269
167.994
0
0
0
0
0
0
0
0
