0.250152
-0.0464
0.746369
-0.169224
0.0257755
0.185874
-0.0424254
-1.0044
0.1504
0.2794
-0.6654
-0.6273
0.6999
-0.2915
1.89612
0.108909
1.83794
1.31265
-0.432167
-2.71842
-0.891093
2.2443
-1.2768
1.11607
-1.84407
-1.14485
-1.22711
0.0212711
0.746695
-0.103544
0.0723879
0.17043
-0.139275
-1.04886
0.230602
0.233772
-0.626094
-0.688354
0.659769
-0.331696
1.84313
-0.136262
2.03639
1.04775
-0.432167
-2.68887
-1.24415
2.30486
-1.2793
1.09991
-1.69951
-0.934732
-0.871931
0.0870633
0.740156
-0.0306823
0.109185
0.155311
-0.233814
-1.10604
0.313479
0.19843
-0.586838
-0.749087
0.625535
-0.361703
1.78471
-0.348959
2.28319
0.905296
-0.414454
-2.60467
-1.59992
2.42365
-0.927354
1.39369
-1.6998
-1.01938
-0.568748
0.15077
0.727185
0.0509097
0.135332
0.140507
-0.326749
-1.17081
0.400117
0.176929
-0.537033
-0.804198
0.584885
-0.382027
1.71718
-0.535286
2.58668
0.698987
-0.414041
-2.43854
-1.8125
2.67886
-0.570817
1.72929
-1.50737
-1.30105
-0.609794
0.212135
0.708355
0.143347
0.154633
0.115016
-0.412996
-1.2355
0.494019
0.167438
-0.475234
-0.847592
0.537823
-0.403943
1.6999
-0.744118
2.76442
0.510791
-0.744977
-2.38731
-1.69207
2.62253
-0.234808
2.08415
-1.19034
-1.5981
-0.630943
0.273189
0.682546
0.242137
0.171232
0.0885463
-0.501915
-1.29605
0.584813
0.167432
-0.400755
-0.891345
0.480714
-0.426491
1.70699
-0.990588
2.89974
0.453743
-0.737116
-2.64535
-1.61595
2.5353
0.101322
2.41818
-1.22434
-1.84768
-0.640956
0.334981
0.648131
0.345873
0.187447
0.0665424
-0.599862
-1.35719
0.675415
0.177039
-0.315018
-0.936485
0.414685
-0.449138
1.72911
-1.26256
3.00782
0.447557
-0.583964
-2.96878
-1.71097
2.77144
0.44086
2.55646
-1.48276
-2.02798
-0.647068
0.396461
0.604028
0.45358
0.206677
0.0456976
-0.705955
-1.41833
0.769917
0.194837
-0.227702
-0.989504
0.341979
-0.465825
1.67606
-1.32457
3.07734
0.580191
-0.571786
-2.96676
-1.70234
2.64443
0.503758
2.41682
-1.4917
-2.31778
-0.474191
-23.3128
-14.3242
3.93504
-6.86506
-1.24008
-0.51894
0.501742
2.84652
24.8338
15.8568
-4.70975
-2.37951
8.90642
-21.4526
-8.15959
-0.862348
9.94997
5.81305
16.722
11.3877
-35.0756
-23.6123
1.69096
1.75661
5.37015
1.89669
17.8734
11.1724
3.05459
3.1332
-29.5347
-16.187
5.1666
7.28526
7.49376
2.23794
23.3695
15.0318
-9.76531
-6.70658
-21.4718
-12.5549
1.86531
7.90319
4.71925
1.43817
19.9248
11.5089
-6.28947
-1.46532
-0.920065
2.32939
7.43624
-2.51537
2.79554
1.25119
8.02749
0.950791
-10.3588
-6.08014
-0.672776
0.388896
3.97334
1.89876
6.4302
2.01641
-3.36874
-4.96477
-3.49784
0.696303
25.8136
7.51128
4.71419
90.457
-27.2684
-0.0302618
1.21112
-6.34506
7.54189
-0.0185799
-68.2442
123.387
4.08059
59.9375
0
0
0
0
0
0
0
0
146.215
117.817
-146.215
44.9503
0
0
0
0
0
0
0
0
-63.9428
124.255
-11.3686
92.3964
0
0
0
0
0
0
0
0
68.6918
101.298
-71.0163
59.2591
0
0
0
0
0
0
0
0
9.10623
58.4299
-9.10795
37.3552
0
-1.1962e-15
0
0
0
0
0
0
17.7644
67.7263
-17.7644
12.5263
0
0
0
0
0
0
0
0
-65.0115
41.136
87.0706
21.8901
0
0
0
0
0
0
0
0
-74.0507
46.438
74.0507
28.4359
-103.004
400.204
-135.399
280.947
0
0
0
0
