2.04471
-0.0464
0.746369
-0.169224
0.0257755
0.185874
-0.0424254
-1.0044
0.1504
0.2794
-0.6654
-0.6273
0.6999
-0.2915
1.89612
0.108909
1.83794
1.31265
-0.432167
-2.71842
-0.891093
2.2443
-1.2768
1.11607
-1.84407
-1.14485
-1.22711
-0.205686
0.734494
-0.020599
-0.372778
0.226876
0.0167356
-1.26469
0.805962
-0.0935554
-0.339394
-1.16596
0.606681
-0.14575
0.792816
-0.0406495
3.14348
-1.36433
0.140206
0.202594
-3
0.313569
-1.98365
-0.745756
-2.25816
1.5074
0.498961
-0.154709
0.727632
0.405088
-0.760248
0.271398
0.0759822
-1.75883
0.897534
-0.449251
-0.557217
-1.82559
1.047
0
0.353441
-0.0234909
1.45729
-1.04072
0.652543
0.204525
-1.67523
0.313059
-1.21754
-0.797325
-0.0194353
2.44876
2.49147
-0.116792
0.723356
0.670331
-1.0643
0.463542
-0.0786561
-1.55287
0.98901
-0.0808983
-0.165571
-1.24253
1.047
0
0.129776
0.381982
0.908014
-1.04449
2.22617
-0.789923
0.705061
-0.358289
1.2693
1.34084
1.99592
-8.42478e-09
-1.46577e-08
-0.078876
0.680653
0.55306
-1.11849
0.907317
-0.341888
-1.34477
0.622128
0.22285
0.226075
-0.67811
0.931184
-0.0840345
0.250663
-0.298589
-0.402236
1.27737
1.51054
-0.925909
1.00427
-1.43165
1.03771
0.489478
1.22242
-0.402138
-0.294918
-0.00100475
0.58936
0.0763994
-0.768788
1.43649
-0.744105
-1.05144
0.20406
0.101891
0.370813
-0.319379
0.874147
-0.079527
0.421634
-0.365274
-1.63179
2.00029
1.84229
-1.5239
0.971078
0.848938
-0.430781
0.498218
1.23389
0.997751
1.5008
0.0358705
0.454504
-0.39933
-0.449357
1.97527
-1.12659
-0.767897
0.265937
-0.673085
0.545596
-0.0220093
1.04651
-0.000955138
0.0140137
-0.485631
-1.54599
1.09098
1.88662
-0.00024703
1.69656
2.55303
-2.65306
1.70078
1.01806
0.59035
0.254717
-0.00849093
0.295314
-0.743939
-0.494648
2.53106
-1.29247
-0.709288
0.530424
-1.26292
1.04247
-0.556068
0.820559
-0.0524232
-0.698033
-2.2848
0.283642
-0.827006
2.74712
-0.590405
0.188632
0.792039
-2.00155
2.13873
-1.82822
-0.85133
-0.616712
-7.78778
11.3027
76.4147
-22.4716
-4.48722
-0.601888
-6.64996
-1.64562
32.8565
16.5131
70.5307
80.1107
100
-38.7863
-16.1575
-3.55298
-14.1169
-11.4846
21.5357
12.3478
100
68.3928
100
-9.01328
7.36232
1.32541
7.72979
2.25706
17.5131
3.21535
100
63.07
67.1073
-13.816
-2.80762
-0.537638
8.40793
-1.0221
-20.2197
-15.9853
100
8.93413
72.5269
-29.1319
-8.06915
-1.86769
-12.1555
-13.8351
34.4479
16.754
20.4875
-61.0748
63.5978
-16.45
-2.10686
0.180378
22.4334
11.4678
10.9015
3.10183
-31.6234
-99.8794
38.5939
-8.12336
-1.92049
-1.80586
-2.51196
-3.58436
1.7577
-2.37231
15.1063
5.84064
2.02989
-13.3438
-6.5637
-0.578115
8.36123
2.48199
-6.3689
-2.99151
174.819
753.59
-386.168
9.07654e-16
0
0
1.35133e-16
0
0
0
0
0
-2378.8
228.373
2294.24
13.2096
0
0
0
0
0
0
0
0
-6022.96
842.66
5856.54
0.0113332
8.3741e-16
1.73778e-23
0
0
0
0
0
0
-11489.3
333.94
11487.5
-2.42648e-14
0
8.91e-18
-1.74857e-14
0
0
0
0
0
-759.844
589.174
731.977
3.77525
0
-2.81686e-15
2.61585e-13
2.59103e-15
0
0
0
0
1290.17
537.226
-1290.17
-4.44089e-16
0
-5.64743e-18
0
0
0
0
0
0
-318.569
419.638
171.648
0.136806
-1.80388e-15
0
0
1.01288e-16
0
0
0
0
-2084.64
0.156176
2084.64
3.06665
2.49944e-18
0
0
0
0
0
13.5367
105.906
