0.25
-0.0464
0.746369
-0.169224
0.0257755
0.185874
-0.0424254
-1.0044
0.1504
0.2794
-0.6654
-0.6273
0.6999
-0.2915
1.89612
0.108909
1.83794
1.31265
-0.432167
-2.71842
-0.891093
2.2443
-1.2768
1.11607
-1.84407
-1.14485
-1.22711
0.0192125
0.746803
-0.103584
0.0692402
0.17044
-0.136096
-1.04884
0.240873
0.2338
-0.638047
-0.680712
0.665694
-0.335155
1.83558
-0.110924
2.0557
0.983078
-0.432167
-2.42817
-1.24433
2.5363
-1.59499
0.765904
-1.48914
-0.957754
-1.21616
0.0821033
0.741086
-0.0301626
0.104278
0.148523
-0.222638
-1.09931
0.342267
0.176585
-0.616546
-0.725068
0.631489
-0.378806
1.75952
-0.261444
2.34347
0.814683
-0.613677
-2.29801
-1.41304
2.86288
-1.60201
0.60202
-1.26458
-0.980207
-1.2098
0.142646
0.729676
0.0535327
0.129121
0.121509
-0.304163
-1.15057
0.444557
0.132072
-0.595393
-0.763235
0.596481
-0.412731
1.69377
-0.442542
2.62515
0.685651
-0.800753
-2.12282
-1.43533
2.94638
-1.24638
0.582526
-1.06231
-1.15435
-0.943592
0.2014
0.71263
0.147288
0.14406
0.092695
-0.384043
-1.20868
0.547409
0.100269
-0.578385
-0.789625
0.555025
-0.428805
1.64404
-0.642923
2.90231
0.378673
-0.811291
-2.23815
-1.62704
2.8777
-0.89047
0.476232
-0.735349
-1.45308
-0.68715
0.259117
0.689609
0.250942
0.150928
0.0630675
-0.464937
-1.27353
0.646477
0.0811711
-0.565156
-0.803401
0.502996
-0.453346
1.60668
-0.835946
3.19931
0.171638
-0.848454
-2.3629
-1.81587
2.77324
-0.534746
0.370413
-0.381853
-1.58101
-0.754171
0.316547
0.659747
0.365203
0.152007
0.0316993
-0.548909
-1.33838
0.745521
0.0746655
-0.551927
-0.817039
0.45343
-0.48028
1.62067
-1.05384
3.38173
0.0121958
-0.878309
-2.30523
-1.77798
2.84498
-0.182157
0.40035
-0.366982
-1.38518
-1.02148
0.374141
0.621597
0.485979
0.15324
0.000356654
-0.639576
-1.40346
0.84113
0.0763499
-0.53547
-0.830145
0.407338
-0.51493
1.61264
-1.16621
3.39942
0.104901
-0.66598
-2.53952
-1.82215
2.67388
0.0471643
0.529961
-0.557217
-1.29058
-0.970198
-15.8075
-10.1944
1.0666
-7.06421
-1.10945
-0.368236
-1.57198
1.46424
21.3528
13.3044
-10.7164
-10.4887
6.07625
-12.7469
-2.33123
-0.639131
-4.30331
0.755672
6.37998
2.28116
-50.4076
-31.5219
5.19008
20.5085
14.6179
3.69296
7.15085
5.71937
10.8145
6.80025
-22.0207
-12.6358
3.24432
-1.86395
1.50361
0.858744
9.61691
7.39782
2.52518
3.83421
-19.6018
-11.5004
2.71486
-7.04487
1.33099
0.839377
9.33597
7.67271
-1.76378
0.639075
-22.4331
-14.4946
0.288638
-2.76912
1.78843
0.798413
13.9825
9.7884
1.2285
0.461245
-20.5056
-10.7209
-2.44814
11.9858
12.2568
3.11174
2.20398
-1.5492
5.92662
3.24197
39.6406
14.6782
0.381133
50.0429
-19.8473
32.5403
7.17831
-1.18983
12.9104
5.94857
-28.4681
76.2325
-18.2481
57.2424
0
0
0
0
0
0
0
0
0.978681
165.59
-0.978681
130.999
0
0
0
0
0
0
0
0
-52.9056
166.985
-36.5853
88.7028
0
0
0
0
0
0
0
0
-11.3369
81.0404
11.2772
56.2485
0
0
0
0
0
0
0
0
-4.59776
87.6961
4.12331
81.1204
0
-2.71702e-14
0
0
0
0
0
0
1.39059
52.6852
-1.39059
56.9694
0
0
0
0
0
0
0
0
-30.3421
20.0743
39.0128
53.8018
0
0
0
0
0
0
0
0
-2.52592
1.68918
3.59892
2.76803
-111.522
466.923
-74.2865
63.9577
0
0
0
0
