0.25
-0.0464
0.746369
-0.169224
0.0257755
0.185874
-0.0424254
-1.0044
0.1504
0.2794
-0.6654
-0.6273
0.6999
-0.2915
1.89612
0.108909
1.83794
1.31265
-0.432167
-2.71842
-0.891093
2.2443
-1.2768
1.11607
-1.84407
-1.14485
-1.22711
0.0214215
0.746687
-0.103584
0.0726559
0.17044
-0.139512
-1.04856
0.233345
0.246538
-0.628808
-0.680496
0.671734
-0.322582
1.899
-0.137783
1.87042
1.33844
-0.432167
-2.67198
-1.23633
2.32248
-0.92033
1.02458
-1.48948
-0.788646
-0.87029
0.087883
0.740034
-0.0367828
0.116717
0.155005
-0.23494
-1.10223
0.316291
0.226423
-0.596502
-0.720953
0.651347
-0.344038
1.86092
-0.358784
2.05293
1.13722
-0.431976
-2.67198
-1.58168
2.21934
-0.563216
0.904586
-1.13258
-0.602688
-0.550476
0.153039
0.726773
0.0365362
0.157332
0.132343
-0.326211
-1.15872
0.395553
0.21904
-0.564195
-0.748765
0.630219
-0.363698
1.82436
-0.568469
2.23647
0.941846
-0.776164
-2.5556
-1.58168
2.15087
-0.206744
0.904586
-0.778736
-0.591557
-0.586505
0.218194
0.706274
0.11641
0.196817
0.104255
-0.417482
-1.21521
0.47237
0.224346
-0.531888
-0.763824
0.609092
-0.381026
1.83986
-0.799772
2.27
1.10558
-0.900317
-2.5556
-1.26689
2.0175
0.148582
1.26051
-0.421662
-0.652678
-0.585191
0.284043
0.677207
0.197481
0.238836
0.079898
-0.516215
-1.26045
0.544424
0.242388
-0.48687
-0.770691
0.585783
-0.401925
1.84376
-1.07093
2.35569
1.1978
-0.681993
-2.77873
-1.18511
1.75023
0.505181
1.6167
-0.192267
-0.893043
-0.228262
0.349366
0.638813
0.281613
0.281614
0.0594881
-0.622716
-1.30498
0.613873
0.273155
-0.429131
-0.776177
0.553888
-0.388223
1.82903
-1.34496
2.53367
1.0982
-0.687321
-2.98201
-1.35675
1.77903
0.861471
1.60979
-0.136467
-1.24975
0.0267265
0.412391
0.590778
0.372101
0.328018
0.0297387
-0.729858
-1.35343
0.67741
0.303922
-0.383891
-0.775535
0.509254
-0.377946
1.76471
-1.46902
2.64347
1.29931
-1.04347
-3
-1.52908
1.60077
0.791584
1.26672
0.0179949
-1.60303
0.287755
2.39013
-0.848582
5.8206
-16.6082
-4.29543
0.06555
-4.94228
-0.897505
20.6595
13.4705
2.10674
0.325191
7.58894
-30.4982
-12.2038
-1.59227
9.06298
7.40975
22.4656
14.1726
-22.142
-14.6499
4.97675
-8.03755
-1.74689
0.351177
0.027038
2.8996
15.3123
10.2191
-26.0381
-15.102
3.2254
12.0572
7.69131
2.2237
18.7243
12.3383
-5.53293
-5.19791
-20.5372
-13.1612
0.445894
6.27809
3.80216
1.37447
19.5179
12.0669
2.07555
3.11341
-7.44143
-2.71873
2.55124
-10.1994
-4.0696
-0.230963
19.6224
10.8048
-3.39803
0.711353
-8.96389
-7.95837
-0.464103
5.23872
7.43836
2.29468
-7.28198
-4.97236
-7.13745
-2.27787
18.5049
5.02325
7.74557
63.721
-14.7399
-1.61939
-1.02483
-3.54304
9.08364
3.63309
-21.8338
98.1914
10.4901
45.2915
0
0
0
0
0
0
0
0
-28.3677
130.33
18.2739
89.7684
0
0
0
0
0
0
0
0
-16.6021
121.012
11.5113
79.4644
0
0
0
0
0
0
0
0
-10.1296
84.3084
10.1352
64.8609
0
0
0
0
0
0
0
0
-7.05201
56.9872
-27.44
41.5615
0
0
0
-1.58662e-23
0
0
0
0
-2.48876
41.1614
2.48876
27.5656
0
0
0
0
0
0
0
0
16.0542
29.9108
13.3085
53.9826
0
0
-3.94833e-13
0
0
0
0
0
-8.08877
63.902
8.08877
9.14261
-49.2029
299.042
-123.754
195.121
0
0
0
0
