0.352452
-0.0464
0.746369
-0.169224
0.0257755
0.185874
-0.0424254
-1.0044
0.1504
0.2794
-0.6654
-0.6273
0.6999
-0.2915
1.89612
0.108909
1.83794
1.31265
-0.432167
-2.71842
-0.891093
2.2443
-1.2768
1.11607
-1.84407
-1.14485
-1.22711
0.04907
0.744054
-0.0930179
0.0958369
0.18874
-0.191559
-1.07461
0.238257
0.24018
-0.609206
-0.72015
0.617047
-0.335306
2.01116
-0.185833
1.50855
1.39143
0.056934
-2.99827
-1.39446
1.74486
-0.77616
1.01609
-1.34339
-1.64554
-0.869972
0.142539
0.727683
-0.024661
0.170031
0.19724
-0.34261
-1.17004
0.303587
0.226442
-0.558033
-0.787791
0.508915
-0.358944
2.07263
-0.534885
1.35766
1.86791
0.168751
-3
-1.89529
1.29744
-0.272798
1.02424
-0.840467
-2.14762
-0.469395
0.238736
0.695924
0.0436959
0.264084
0.185881
-0.493661
-1.29064
0.368917
0.238039
-0.490665
-0.830111
0.396151
-0.357297
2.08391
-0.946107
1.38995
2.34506
-0.278633
-2.80004
-2.3953
1.34551
0.230357
1.33725
-0.338105
-2.23983
0.0328352
0.336217
0.645624
0.113675
0.382165
0.148871
-0.644711
-1.43654
0.436905
0.274955
-0.40448
-0.826956
0.278583
-0.339279
2.07121
-1.38933
1.52164
2.67743
-0.772588
-3
-2.89779
1.35029
0.733263
1.71047
0.161383
-2.33555
0.358191
0.428207
0.57567
0.19028
0.511247
0.0942349
-0.795762
-1.58759
0.480247
0.336812
-0.318296
-0.796105
0.141394
-0.321262
1.96872
-1.80857
1.91739
2.53715
-1.21382
-3
-3
0.8559
1.22857
1.64217
0.613445
-2.72512
0.311172
0.510329
0.484606
0.286807
0.632988
0.0331287
-0.946815
-1.73864
0.498024
0.42339
-0.235532
-0.765254
-0.00965704
-0.305601
1.83108
-2.20697
2.41578
2.04093
-1.14451
-3
-3
0.353031
1.72929
1.14669
0.562505
-3
0.19671
0.581784
0.366168
0.408423
0.733
0
-1.09787
-1.88969
0.491201
0.535761
-0.177714
-0.736958
-0.160708
-0.284573
1.69397
-2.44972
2.91108
1.74042
-0.658133
-3
-2.90536
-0.13554
2.23188
0.675388
0.515506
-3
0.417034
61.1348
36.8234
16.8642
-55.9623
-24.6549
-3.99652
-2.5742
0.148014
-11.584
-5.64013
75.8365
48.3899
31.3865
-60.2022
-26.9147
-4.49477
-9.7666
-4.19405
-15.5391
-8.73463
14.3524
9.72964
19.4267
-28.5582
-12.972
-1.93864
12.2115
8.97051
-3.6445
-0.345048
-2.85514
0.00926345
11.4997
-15.3788
-3.74967
0.0751266
15.8623
10.4597
14.2482
9.89468
-3.45448
-2.34399
7.68372
-16.844
-8.25295
-1.12105
20.7638
13.4725
-6.67255
-2.46297
-33.8842
-21.1189
-3.43245
23.4464
10.3427
2.45492
4.26554
3.44769
-1.99415
-1.04216
-4.07443
-3.29643
-1.23553
-2.05416
-1.18403
0.302972
-8.89853
-7.29036
2.36973
2.54171
-24.5824
-23.1363
-10.6134
13.0681
8.24989
2.50508
6.51966
3.59552
-38.7564
-15.6445
73.9263
157.299
15.1633
97.243
0
0
0
0
0
0
0
0
49.9902
208.995
37.7776
41.7619
0
0
0
0
0
0
0
0
6.83141
145.462
-6.83141
-1.205e-13
0
0
0
0
0
0
0
0
-2.31335
94.6028
3.65204
5.08299e-14
0
0
0
0
0
0
0
0
2.22611
71.8313
-2.22828
1.81509
0
0
0
0
0
0
0
0
-31.4267
24.1203
10.974
34.3187
-1.09795e-14
0
1.97277e-15
0
0
0
0
0
-4.39732
13.3624
-3.00804
16.3787
0
0
0
0
0
0
0
0
-14.8974
0.0120802
2.47344
100.322
0
0
0
0
0
0
-79.3236
226.625
