0.695017
-7.03545e-05
0.744278
-0.0901448
0.0707246
0.206334
-0.186914
-1.00935
0.148183
0.273695
-0.659992
-0.625055
0.690069
-0.295147
0.202666
-0.061047
-0.210647
-0.124609
1.31103
-0.975778
-1.50004
1.99999
-1.29988
1.00001
-2.00002
-1.57082
-1.5
-0.0528269
0.738319
-0.151698
-0.0361803
0.379922
-0.192043
-1.0944
0.175887
0.248975
-0.581824
-0.597604
0.64817
-0.328021
0.216806
-0.0750269
-0.0905333
-0.177089
1.21505
-0.947425
-1.14586
2.04654
-0.95409
0.960798
-2.37702
-1.58918
-1.1465
-0.0941723
0.727997
-0.191791
-0.125235
0.506803
-0.189776
-1.17404
0.18826
0.229869
-0.502976
-0.556792
0.608681
-0.365996
0.232924
-0.075403
-0.0995855
-0.0913201
1.10543
-0.914528
-0.943674
2.3929
-0.596073
1.33428
-2.75261
-1.34795
-1.33411
-0.113432
0.721569
-0.21696
-0.159849
0.563469
-0.186661
-1.25691
0.218049
0.207242
-0.433519
-0.532843
0.566051
-0.398892
0.260512
-0.0517356
-0.258757
0.244195
0.844151
-0.829589
-1.14543
2.42121
-0.614388
1.33575
-2.75385
-1.20715
-1.31085
-0.125454
0.716986
-0.231241
-0.183194
0.598769
-0.184333
-1.338
0.245932
0.184929
-0.382168
-0.514139
0.52175
-0.435523
0.21378
-0.0425741
-0.176575
0.161899
0.697492
-0.682816
-1.35121
2.13385
-0.60182
0.954762
-2.37549
-0.853085
-0.956166
-0.1272
0.713776
-0.23212
-0.200898
0.629124
-0.196106
-1.40825
0.257087
0.164154
-0.325275
-0.488828
0.488282
-0.463821
0.234147
-0.0333018
-0.326246
0.394017
0.60404
-0.671812
-1.1794
1.79772
-0.566167
0.622082
-2.00456
-0.478366
-0.572828
-0.123108
0.71155
-0.231011
-0.208917
0.655296
-0.215368
-1.47949
0.279193
0.141507
-0.281254
-0.469356
0.460342
-0.489914
0.248824
-0.0209575
-0.490903
0.656045
0.465616
-0.630758
-0.869639
1.43394
-0.579645
0.279958
-1.63442
-0.444835
-0.195673
-0.12901
0.707269
-0.224826
-0.242086
0.688525
-0.221613
-1.52378
0.273045
0.120921
-0.247003
-0.455167
0.439245
-0.508582
0.273253
0.0131065
-0.682002
1.03476
0.186205
-0.538959
-0.621012
1.0483
-0.566255
0.234914
-1.26055
-0.478552
0.176603
-0.132529
0.703357
-0.216315
-0.272464
0.719204
-0.230425
-1.56038
0.267849
0.100799
-0.222189
-0.451456
0.428272
-0.520487
0.196081
0.00420231
-0.535351
0.763603
0.184454
-0.412706
-0.304574
0.678305
-0.58543
0.220471
-0.905077
-0.107312
0.120956
-0.117259
0.698485
-0.209757
-0.282837
0.775071
-0.282477
-1.61075
0.284694
0.0748782
-0.203585
-0.45659
0.426988
-0.526172
0.00875434
-0.0104229
-0.00398641
-0.029298
0.0918698
-0.0585854
-0.117553
0.313868
-0.610199
0.240773
-0.531047
-0.0944369
0.12143
14.7313
-1.3059
7.65003
-23.7868
-7.77182
-1.01138
-21.6726
-10.7043
5.11904
0.536493
-21.9302
-44.9446
-0.750293
-6.46497
0.555149
0.485416
-11.7637
-5.88888
12.8536
3.7932
30.4253
-17.541
5.67116
-33.7677
-11.6352
-1.63759
-13.5684
-7.70405
2.07073
-1.26867
18.4979
-39.7347
10.5728
-40.6231
-15.1045
-2.41729
-16.3309
-8.2487
9.73991
2.02234
15.7827
-32.6363
2.39699
-28.0971
-9.59584
-1.39383
-13.9471
-7.28327
9.51925
2.20436
21.5028
-46.8503
-4.6036
-36.1663
-13.6583
-2.20079
-15.9202
-8.38786
5.43226
0.231753
13.2129
-39.4481
-2.56329
-23.9527
-8.00802
-1.15047
-12.1649
-6.65028
0.712341
-1.81478
26.8769
-49.4896
-1.29096
-41.5475
-16.2529
-2.64654
-9.01433
-5.44408
2.33902
-1.42391
-10.6454
-45.7672
3.45008
-4.26597
0.845408
0.357107
-6.27996
-3.61599
7.83025
1.1797
5.91231
-68.7952
-4.06164
-31.4981
-11.4856
-1.81959
-4.49611
-3.13275
-1.06295
-2.98806
-88.5766
235.5
214.768
302.35
0
1.67464e-17
0
-1.60362e-14
0
-3.43944e-14
1.36761e-13
0
68.1719
251.55
-170.091
257.716
7.49361e-16
0
0
0
0
0
0
0
237.35
251.124
-152.62
299.731
0
5.3977e-14
-4.69248e-16
0
0
0
0
0
-357.427
339.049
248.964
247.772
-2.44481e-14
3.67448e-14
0
0
-1.76416e-15
1.2805e-22
0
0
-14.0055
249.895
56.0918
288.041
1.75018e-13
0
-9.13257e-14
0
-1.26798e-13
0
0
0
-44.814
244.612
-40.76
304.755
0
0
2.76101e-13
0
0
1.38385e-13
4.69999e-14
-1.37325e-26
48.7308
219.77
0.765104
307.154
6.21479e-14
7.2324e-14
6.39685e-14
0
-6.26912e-14
-4.75055e-14
0
0
-54.7484
268.03
-31.7243
300.225
0
0
2.50335e-15
-2.24365e-13
0
-2.10408e-13
0
0
25.0573
237.209
-24.0238
220.428
9.63818e-19
0
0
0
-4.07438e-14
2.52226e-13
0
1.02557e-14
-84.7206
263.53
-23.8328
300.162
2.18155e-13
0
4.09398e-14
0
0
0
0
-1.04251e-13
