0.5
-0.0469029
0.72942
0.127543
0.0254342
0.169808
-0.322785
-1.33612
0.169462
0.274031
-0.648287
-0.626169
0.740331
-0.269608
0.0993703
-0.0828506
-0.491554
-0.365118
2.07185
-1.21518
-1.50006
1.9988
-1.30011
1.00014
-1.99898
-1.57058
-1.50226
-0.0892405
0.734598
0.0236626
0.0136575
0.269479
-0.306799
-1.24
0.191771
0.274387
-0.635211
-0.626654
0.786056
-0.247318
0.131828
-0.115182
-0.36048
-0.448425
2.08234
-1.27343
-1.36509
2.13349
-1.17473
1.1323
-1.86449
-1.57702
-1.63646
-0.123871
0.735838
-0.057581
0.0032235
0.345551
-0.291193
-1.14573
0.211776
0.274755
-0.6213
-0.625794
0.826438
-0.227105
0.14707
-0.133284
-0.257318
-0.518922
2.05781
-1.28157
-1.22989
2.26761
-1.03854
1.1768
-1.72842
-1.52934
-1.7712
-0.147246
0.7353
-0.119016
0.00426702
0.393692
-0.278943
-1.05389
0.23047
0.275016
-0.608602
-0.625358
0.863352
-0.208501
0.152625
-0.135301
-0.174103
-0.532141
1.92455
-1.21831
-1.09491
2.26143
-0.921117
1.09342
-1.59848
-1.39544
-1.90563
-0.165332
0.73439
-0.164601
0.00543631
0.426008
-0.266843
-0.964404
0.247486
0.276364
-0.596869
-0.624554
0.894819
-0.191898
0.139408
-0.133504
-0.05926
-0.625901
1.83117
-1.14601
-1.05908
2.15474
-0.805725
0.95749
-1.56366
-1.25972
-1.90304
-0.173306
0.733617
-0.186089
0.00620689
0.442458
-0.262576
-0.879757
0.26419
0.276498
-0.587747
-0.624215
0.920147
-0.17767
0.116204
-0.131241
0.0564235
-0.750481
1.77139
-1.07733
-1.09294
2.04937
-0.670974
0.824524
-1.52138
-1.124
-1.76796
-0.174512
0.731546
-0.199521
0.00348282
0.47123
-0.275193
-0.7978
0.281223
0.276214
-0.580864
-0.623808
0.941558
-0.165558
0.090451
-0.136673
0.152562
-0.877439
1.75286
-1.02798
-1.03564
1.9144
-0.551123
0.703404
-1.38517
-0.989764
-1.63403
-0.175651
0.730759
-0.202451
-0.000754953
0.482058
-0.27885
-0.71634
0.297694
0.275946
-0.575293
-0.623387
0.959155
-0.155218
0.0708658
-0.129308
0.228971
-0.92457
1.63107
-0.93547
-1.03178
1.7783
-0.576579
0.581209
-1.38214
-0.854457
-1.49925
-0.172712
0.732278
-0.188932
0.00105647
0.460498
-0.272622
-0.638199
0.312819
0.275544
-0.570243
-0.623762
0.973228
-0.14654
0.045605
-0.114193
0.31999
-0.996424
1.51215
-0.835719
-1.14196
1.64513
-0.59399
0.469635
-1.37573
-0.718863
-1.36442
-0.155887
0.72957
-0.168218
-0.00445539
0.483738
-0.311065
-0.562772
0.32563
0.2744
-0.565563
-0.624498
0.983686
-0.140362
0.0207494
-0.111588
0.427693
-1.08848
1.41163
-0.750843
-1.2419
1.51458
-0.614629
0.421175
-1.23971
-0.582919
-1.2295
-0.133399
0.728224
-0.12899
-0.00403964
0.475788
-0.342758
-0.487929
0.33648
0.272112
-0.562166
-0.625057
0.990801
-0.135144
0.00945548
-0.108477
0.514877
-1.17985
1.39566
-0.730692
-1.34505
1.51391
-0.613029
0.345811
-1.23958
-0.447768
-1.09427
-0.0739289
0.723438
-0.0178795
0.00846539
0.416404
-0.40699
-0.372101
0.274639
0.115341
-0.560052
-0.625743
0.993796
-0.132431
-0.046462
-0.0801399
0.598818
-1.29857
1.30604
-0.606287
-1.44135
1.48309
-0.640565
0.217951
-1.35721
-0.343482
-0.958443
-2.35332
-4.51828
17.6007
-13.1806
-2.86014
-0.149377
-8.0902
-4.17821
9.35679
2.42286
-5.04927
-12.4949
21.5288
-13.9431
-2.87325
-0.120384
-9.83134
-4.98838
10.1657
2.79161
-5.5993
-21.9205
14.6877
-15.7299
-3.69172
-0.271461
-13.3792
-6.5619
12.3604
3.9161
-5.89724
-28.8923
15.0828
-20.6564
-5.88464
-0.680744
-16.5524
-7.9797
14.324
4.80595
-9.08984
-36.2175
5.84686
-21.8476
-6.48101
-0.787498
-16.8583
-8.073
16.1382
5.94027
-6.88897
-33.3851
15.9351
-22.8108
-6.67429
-0.810397
-16.4583
-7.91987
17.3255
6.51341
-14.801
-38.8708
8.3969
-14.2288
-3.20388
-0.263492
-14.6602
-7.00652
15.9711
6.11
-2.53035
-38.2403
14.1117
-27.4281
-8.56188
-1.19511
-19.8469
-9.70997
17.8795
6.87231
-11.7537
-36.9148
11.2769
-17.307
-4.39095
-0.479061
-14.1618
-6.83979
17.5254
6.89034
-10.344
-39.6565
13.0793
-19.6301
-5.3116
-0.686021
-14.1626
-6.92468
18.1129
7.13125
-12.0743
-34.714
18.1669
-10.882
-1.18532
0.102675
-17.1961
-8.54886
17.4103
6.91912
10.7153
-13.7995
9.57509
-20.1005
-23.1438
-7.26456
-16.3352
-8.65871
20.9407
8.36512
63.3347
249.26
9.40755
205.913
8.67088e-15
-3.87623e-15
8.74437e-26
-1.50873e-13
0
6.34075e-14
1.51072e-14
-4.07794e-17
81.6647
302.223
-41.351
200.715
2.2268e-14
-8.57446e-14
-2.85644e-14
1.22073e-13
0
4.15863e-15
-2.31154e-13
2.82586e-13
-4.28571
279.62
31.4267
227.163
8.27269e-14
5.01424e-15
1.20605e-13
1.99535e-14
-1.70085e-14
1.16621e-13
-1.43598e-13
0
-8.91563
313.143
21.1161
250.728
-9.86326e-17
-7.17663e-15
2.3504e-14
-5.21982e-14
0
-1.01911e-14
-2.03537e-14
1.24474e-13
-24.8899
264.066
31.2671
275.44
2.99179e-13
-9.53805e-14
-2.4887e-13
-7.77446e-14
0
-1.43227e-13
1.49936e-13
0
0.271517
331.449
-11.5022
241.835
-1.49438e-15
-1.62413e-13
-1.50568e-13
1.60242e-13
2.71434e-16
2.13636e-13
-1.41423e-13
0
-8.9452
270.193
-6.1309
236.352
-7.03007e-17
9.7287e-14
-1.99995e-13
-3.73356e-15
0
1.91236e-13
-1.15658e-14
0
-0.247764
335.509
-2.09347
274.018
-1.2713e-13
-1.90452e-14
-1.96329e-13
1.83123e-13
0
-7.09005e-26
-8.26105e-17
2.0216e-13
-46.2526
292.854
33.5876
238.296
-1.24847e-13
1.83458e-15
2.97655e-13
9.72188e-14
-1.78762e-13
-1.15676e-14
-1.31828e-16
-8.85305e-15
17.0084
309.635
-16.3355
255.396
0
-6.18891e-14
3.92696e-14
-8.47969e-14
0
1.17493e-13
-1.16326e-13
1.17978e-14
20.381
314.648
-11.7714
217.869
-1.88732e-23
-1.47663e-13
-9.75478e-21
-3.37065e-14
0
7.52417e-14
4.22437e-16
0
22.0812
190.123
26.6214
188.849
-44.9758
117.081
-42.3302
111.458
0
4.66682e-15
-1.7771e-14
-2.21483e-14
