1.87663
-6.32149e-06
0.699009
0.237737
0.0138713
0.254594
-0.506202
-0.766312
0.326138
0.202438
-0.659999
-0.625094
0.689918
-0.295204
0.0947579
-0.0932318
-0.0269831
-0.407895
1.24983
-0.814949
-1.03308
2.29218
-1.23212
1.00001
-2
-1.57078
-1.5
0.000248083
0.696022
0.195609
0.0289306
0.31291
-0.537449
-0.750829
0.376828
0.178392
-0.610732
-0.573491
0.682624
-0.313004
0.0726244
-0.101213
0.563269
-1.06069
1.32207
-0.824651
-1.50392
1.97995
-1.0393
1.89268
-1.09865
-0.970319
-0.623152
-0.0102263
0.696685
0.160589
0.0193841
0.370828
-0.550802
-0.689729
0.294989
0.23415
-0.557534
-0.526386
0.676961
-0.328718
0.0110072
-0.0760213
1.1415
-1.6426
1.11942
-0.618319
-1.95115
1.56298
-0.753342
1.24953
-0.403604
-0.233038
-0.622712
-0.0122451
0.69432
0.11536
0.0399425
0.416898
-0.572201
-0.663146
0.323694
0.224092
-0.500632
-0.50999
0.664199
-0.350721
0.0191719
-0.0664417
1.40401
-1.74958
0.82183
-0.476262
-2.07189
1.31316
-0.64528
0.301181
-0.112431
0.65041
-1.04214
-0.0194503
0.693403
0.0745958
0.0467329
0.464586
-0.585915
-0.614
0.285109
0.254296
-0.447848
-0.483079
0.662014
-0.366797
0.0135298
-0.0504441
1.31577
-1.55303
0.569882
-0.332624
-1.8871
1.12084
-0.549512
-0.625375
0.165752
0.354691
-0.282921
-0.0238988
0.691199
0.030923
0.0620407
0.510472
-0.603436
-0.581188
0.29142
0.258845
-0.400174
-0.458277
0.661556
-0.384488
0.0028787
-0.0491439
1.12482
-1.36936
0.551009
-0.306468
-1.64147
0.981386
-0.46473
-0.956177
-0.416643
0.614937
-1.01062
-0.0262214
0.690039
0.00269602
0.0762039
0.532898
-0.611798
-0.558533
0.294505
0.261333
-0.389685
-0.462229
0.652805
-0.390501
-0.00805411
-0.0478842
0.827112
-1.09254
0.558382
-0.292956
-1.29541
0.854424
-0.386127
-1.66399
0.428935
0.32307
-0.21888
-0.0314301
0.688726
-0.0219906
0.0768407
0.566716
-0.621566
-0.532482
0.275305
0.279167
-0.364624
-0.46914
0.650768
-0.399032
-0.0119274
-0.0385142
0.58926
-0.808518
0.443409
-0.224152
-0.971118
0.681403
-0.299545
-1.84715
1.31544
0.140656
0.666839
-0.0350581
0.687209
-0.0474974
0.0835329
0.59495
-0.630986
-0.512021
0.273187
0.286331
-0.34319
-0.481856
0.646149
-0.40482
-0.0144255
-0.0329532
0.280546
-0.473342
0.376443
-0.183646
-0.594592
0.545229
-0.231183
-0.917629
0.660492
0.216244
-0.168781
-0.0405491
0.686187
-0.0606887
0.0747977
0.623113
-0.637222
-0.491102
0.240912
0.310879
-0.337335
-0.506968
0.647876
-0.409026
0.0121043
-0.0119075
-0.0236411
0.0111498
0.0743685
-0.0618772
-0.170312
0.406557
-0.212603
0.011895
-0.0309866
0.137689
-0.203187
-19.1353
-17.3795
5.4032
21.9462
2.47227
-1.00459
-2.51384
-1.91639
16.1344
5.6492
-11.8931
-14.3786
7.74834
34.5883
1.10052
-1.26812
-9.62243
-6.07947
17.6518
6.22004
-23.6137
-22.8387
8.66359
30.7799
7.6573
-0.235745
-12.9773
-7.25668
12.8434
4.24634
-11.8423
-18.3185
8.6476
29.3338
4.02096
-0.884124
-11.3606
-6.7128
12.8883
3.98829
-20.5073
-23.1
8.0546
29.9923
5.52914
-1.21145
-12.6805
-7.09676
7.21208
1.46144
-14.9758
-22.2155
8.11096
26.8269
4.71231
-1.02073
-8.9328
-5.42761
10.3621
2.7202
-22.4559
-26.7269
7.90934
28.1859
3.0728
-2.11477
-11.9717
-6.70029
7.89986
1.6957
-17.8611
-27.029
7.4825
22.7871
3.18562
-2.16818
-5.73774
-4.02153
10.7287
2.85529
-22.9704
-29.4306
7.59293
27.291
2.90103
-2.97525
-9.50148
-5.98537
3.57768
-0.576547
-19.3516
-33.4149
7.02391
17.6578
2.42229
-3.66874
-6.74078
-4.45604
11.1045
3.13591
40.8478
116.708
17.0277
142.286
-16.247
106.28
-16.1005
111.593
0
0
0
0
18.6881
122.999
18.9438
117.069
-22.5062
167.328
-22.3098
172.507
0
0
-1.93886e-15
0
23.4304
141.326
23.033
128.778
-14.035
113.304
-13.9721
117.04
0
-2.62555e-13
0
2.04156e-13
19.2186
133.815
19.3207
122.937
-18.7479
142.789
-19.989
143.865
5.40818e-25
-1.52511e-24
0
4.86351e-14
20.9502
130.179
20.7977
116.116
-22.6491
130.355
-21.5759
131.867
0
0
0
0
14.6955
133.047
14.7064
118.412
-20.819
136.276
-20.2442
134.67
0
0
0
6.96318e-25
19.8488
133.49
19.9613
119.529
-27.4176
137.814
-27.5736
139.467
0
0
2.98319e-15
0
13.594
136.737
14.0245
127.766
-22.0321
127.218
-22.0308
131.765
0
0
-1.36726e-13
0
19.58
134.538
19.1288
122.76
-30.2523
137.839
-30.0868
142.742
0
5.32168e-14
0
7.79114e-14
16.427
146.441
16.9269
150.365
-20.5056
106.526
-20.6416
123.775
7.78764e-14
0
0
0
